From file: AB332_2021	Instrument no.:	1320
Ser	Interval (sec)	Integration	Air pressure	Salinity	Chart Datum (dbar)	
2	2		1005.22	
Ser	Meas	Sal.	Cond.	Temp	F (µg/l)	OpOx %	Opmg/l	Density	S. vel.	Press	Date	Time
2	4	0.000	0.000	9.324	0.14	100.43	11.43	-0.241	1444.56	0.0000	10/5/2021	12:06:30 PM
2	5	0.000	0.000	9.250	0.14	100.71	11.48	-0.236	1444.27	0.0000	10/5/2021	12:06:32 PM
2	6	0.000	0.000	9.238	0.14	101.13	11.53	-0.235	1444.22	0.0000	10/5/2021	12:06:34 PM
2	7	0.000	0.000	9.166	0.14	100.96	11.53	-0.229	1443.93	0.0000	10/5/2021	12:06:36 PM
2	8	0.000	0.000	8.994	0.14	101.71	11.67	-0.216	1443.23	0.0000	10/5/2021	12:06:38 PM
2	9	0.000	0.000	8.810	0.14	102.12	11.76	-0.203	1442.48	0.0000	10/5/2021	12:06:40 PM
2	10	0.000	0.000	8.716	0.14	101.94	11.77	-0.196	1442.09	0.0000	10/5/2021	12:06:42 PM
2	11	0.000	0.000	8.692	0.58	101.40	11.71	-0.194	1441.99	0.0000	10/5/2021	12:06:44 PM
2	12	0.000	0.000	8.671	0.14	101.18	11.70	-0.193	1441.91	0.0000	10/5/2021	12:06:46 PM
2	13	0.000	0.000	8.594	0.14	101.36	11.74	-0.188	1441.59	0.0000	10/5/2021	12:06:48 PM
2	14	0.000	0.000	8.540	0.47	101.67	11.79	-0.184	1441.37	0.0000	10/5/2021	12:06:50 PM
2	15	0.000	0.000	8.486	2.47	101.78	11.82	-0.180	1441.15	0.0000	10/5/2021	12:06:52 PM
2	16	0.000	0.000	8.516	0.14	101.57	11.78	-0.182	1441.27	0.0000	10/5/2021	12:06:54 PM
2	17	0.000	0.000	8.559	0.14	101.58	11.77	-0.185	1441.45	0.0000	10/5/2021	12:06:56 PM
2	18	0.000	0.000	8.585	0.14	101.68	11.78	-0.187	1441.55	0.0000	10/5/2021	12:06:58 PM
2	19	0.000	0.000	8.619	0.14	101.66	11.77	-0.189	1441.69	0.0000	10/5/2021	12:07:00 PM
2	20	0.000	0.000	8.670	0.14	101.75	11.76	-0.193	1441.90	0.0000	10/5/2021	12:07:02 PM
2	21	0.000	0.000	8.666	0.14	101.57	11.74	-0.193	1441.89	0.0000	10/5/2021	12:07:04 PM
2	22	0.000	0.000	8.675	0.14	101.19	11.70	-0.193	1441.92	0.0000	10/5/2021	12:07:06 PM
2	23	0.000	0.000	8.641	0.14	100.96	11.68	-0.191	1441.78	0.0000	10/5/2021	12:07:08 PM
2	24	0.000	0.000	8.640	0.14	101.23	11.71	-0.191	1441.78	0.0000	10/5/2021	12:07:10 PM
2	25	0.000	0.000	8.680	0.14	100.97	11.67	-0.193	1441.94	0.0000	10/5/2021	12:07:12 PM
2	26	0.000	0.000	8.701	0.14	101.27	11.70	-0.195	1442.03	0.0000	10/5/2021	12:07:14 PM
2	27	0.000	0.000	8.734	0.46	101.08	11.67	-0.197	1442.17	0.0000	10/5/2021	12:07:16 PM
2	28	0.000	0.000	8.694	2.49	101.29	11.70	-0.194	1442.00	0.0000	10/5/2021	12:07:18 PM
2	29	0.000	0.000	8.637	1.23	101.23	11.71	-0.190	1441.77	0.0000	10/5/2021	12:07:20 PM
2	30	0.000	0.000	8.610	0.14	100.97	11.69	-0.189	1441.66	0.0000	10/5/2021	12:07:22 PM
2	31	0.000	0.000	8.608	0.14	100.55	11.64	-0.188	1441.65	0.0000	10/5/2021	12:07:24 PM
2	32	0.000	0.000	8.649	0.14	100.58	11.63	-0.191	1441.82	0.0000	10/5/2021	12:07:26 PM
2	33	0.000	0.000	8.655	0.14	100.46	11.62	-0.192	1441.84	0.0000	10/5/2021	12:07:28 PM
2	34	0.000	0.000	8.689	0.14	100.63	11.63	-0.194	1441.98	0.0000	10/5/2021	12:07:30 PM
2	35	0.000	0.000	8.704	0.14	100.96	11.66	-0.195	1442.04	0.0000	10/5/2021	12:07:32 PM
2	36	0.000	0.000	8.686	0.14	100.96	11.67	-0.194	1441.97	0.0000	10/5/2021	12:07:34 PM
2	37	0.000	0.000	8.617	0.14	100.83	11.67	-0.189	1441.69	0.0000	10/5/2021	12:07:36 PM
2	38	0.000	0.000	8.553	0.15	100.58	11.66	-0.185	1441.42	0.0000	10/5/2021	12:07:38 PM
2	39	0.000	0.000	8.534	0.14	100.91	11.70	-0.183	1441.34	0.0000	10/5/2021	12:07:40 PM
2	40	0.000	0.000	8.503	0.14	100.58	11.67	-0.181	1441.22	0.0000	10/5/2021	12:07:42 PM
2	41	0.000	0.000	8.487	0.14	100.50	11.67	-0.180	1441.15	0.0000	10/5/2021	12:07:44 PM
2	42	0.000	0.000	8.437	0.13	100.66	11.70	-0.177	1440.94	0.0000	10/5/2021	12:07:46 PM
2	43	0.000	0.000	8.401	0.14	100.51	11.69	-0.174	1440.80	0.0000	10/5/2021	12:07:48 PM
2	44	0.000	0.000	8.332	0.14	101.16	11.79	-0.170	1440.51	0.0000	10/5/2021	12:07:50 PM
2	45	0.000	0.000	8.342	0.14	100.73	11.74	-0.171	1440.55	0.0000	10/5/2021	12:07:52 PM
2	46	0.000	0.000	8.357	0.14	100.77	11.74	-0.172	1440.61	0.0000	10/5/2021	12:07:54 PM
2	47	0.000	0.000	8.306	0.14	100.87	11.76	-0.168	1440.40	0.0000	10/5/2021	12:07:56 PM
2	48	0.000	0.000	8.247	0.14	100.88	11.78	-0.164	1440.16	0.0000	10/5/2021	12:07:58 PM
2	49	0.000	0.000	8.232	0.15	100.91	11.79	-0.163	1440.10	0.0000	10/5/2021	12:08:00 PM
2	50	0.000	0.000	8.239	0.14	101.15	11.81	-0.164	1440.13	0.0000	10/5/2021	12:08:02 PM
2	51	0.000	0.000	8.200	0.14	101.01	11.81	-0.161	1439.96	0.0000	10/5/2021	12:08:04 PM
2	52	0.000	0.000	8.165	1.21	100.94	11.81	-0.159	1439.82	0.0000	10/5/2021	12:08:06 PM
2	53	0.000	0.000	8.213	2.49	100.98	11.80	-0.162	1440.02	0.0000	10/5/2021	12:08:08 PM
2	54	0.000	0.000	8.200	0.14	101.20	11.83	-0.161	1439.96	0.0000	10/5/2021	12:08:10 PM
2	55	0.000	0.000	8.156	0.14	101.27	11.85	-0.159	1439.78	0.0000	10/5/2021	12:08:12 PM
2	56	0.000	0.000	7.978	0.14	101.69	11.95	-0.148	1439.04	0.0000	10/5/2021	12:08:14 PM
2	57	0.000	0.000	7.942	0.14	101.19	11.91	-0.146	1438.89	0.0000	10/5/2021	12:08:16 PM
2	58	0.000	0.000	7.902	0.14	101.18	11.92	-0.143	1438.72	0.0000	10/5/2021	12:08:18 PM
2	59	0.000	0.000	7.821	0.14	101.22	11.94	-0.138	1438.38	0.0000	10/5/2021	12:08:20 PM
2	60	0.000	0.000	7.770	0.14	101.11	11.95	-0.136	1438.17	0.0000	10/5/2021	12:08:22 PM
2	61	0.000	0.000	7.753	0.14	100.97	11.93	-0.135	1438.10	0.0000	10/5/2021	12:08:24 PM
2	62	0.000	0.000	7.736	0.14	101.27	11.98	-0.134	1438.03	0.0000	10/5/2021	12:08:26 PM
2	63	0.000	0.000	7.744	0.14	101.28	11.97	-0.134	1438.06	0.0000	10/5/2021	12:08:28 PM
2	64	0.000	0.000	7.780	0.14	100.82	11.91	-0.136	1438.21	0.0000	10/5/2021	12:08:30 PM
2	65	0.000	0.000	7.785	0.14	101.28	11.96	-0.136	1438.23	0.0000	10/5/2021	12:08:32 PM
2	66	0.000	0.000	7.810	0.14	101.11	11.93	-0.138	1438.34	0.0000	10/5/2021	12:08:34 PM
2	67	0.000	0.000	7.833	0.19	101.54	11.98	-0.139	1438.43	0.0000	10/5/2021	12:08:36 PM
2	68	0.000	0.000	7.836	0.67	101.78	12.01	-0.139	1438.45	0.0000	10/5/2021	12:08:38 PM
2	69	0.000	0.000	7.874	0.70	101.90	12.01	-0.142	1438.61	0.0000	10/5/2021	12:08:40 PM
2	70	0.000	0.000	7.922	0.68	101.76	11.98	-0.144	1438.81	0.0000	10/5/2021	12:08:42 PM
2	71	0.000	0.000	7.966	0.74	101.34	11.92	-0.147	1438.99	0.0000	10/5/2021	12:08:44 PM
2	72	0.000	0.000	7.962	0.85	101.80	11.97	-0.147	1438.97	0.0000	10/5/2021	12:08:46 PM
2	73	0.000	0.000	7.991	0.45	101.86	11.97	-0.149	1439.10	0.0000	10/5/2021	12:08:48 PM
2	74	0.000	0.000	8.025	0.45	101.94	11.97	-0.151	1439.24	0.0000	10/5/2021	12:08:50 PM
2	75	0.000	0.000	8.017	0.29	102.06	11.99	-0.150	1439.20	0.0000	10/5/2021	12:08:52 PM
2	76	0.000	0.000	8.005	0.29	101.74	11.95	-0.149	1439.15	0.0000	10/5/2021	12:08:54 PM
2	77	0.000	0.000	7.963	0.32	101.83	11.97	-0.147	1438.98	0.0000	10/5/2021	12:08:56 PM
2	78	0.000	0.000	7.941	0.31	101.64	11.96	-0.146	1438.89	0.0000	10/5/2021	12:08:58 PM
2	79	0.000	0.000	7.935	0.36	101.17	11.91	-0.145	1438.86	0.0000	10/5/2021	12:09:00 PM
2	80	0.000	0.000	7.948	0.45	101.50	11.94	-0.146	1438.92	0.0000	10/5/2021	12:09:02 PM
2	81	0.000	0.000	7.955	0.14	101.55	11.94	-0.146	1438.94	0.0000	10/5/2021	12:09:04 PM
2	82	0.000	0.000	7.969	0.53	101.55	11.94	-0.147	1439.00	0.0000	10/5/2021	12:09:06 PM
2	83	0.000	0.000	7.989	0.64	101.56	11.94	-0.148	1439.09	0.0000	10/5/2021	12:09:08 PM
2	84	0.000	0.000	8.018	0.72	101.76	11.95	-0.150	1439.21	0.0000	10/5/2021	12:09:10 PM
2	85	0.000	0.000	8.052	0.83	101.76	11.94	-0.152	1439.35	0.0000	10/5/2021	12:09:12 PM
2	86	0.000	0.000	7.977	0.14	101.87	11.98	-0.148	1439.04	0.0000	10/5/2021	12:09:14 PM
2	87	0.000	0.000	7.818	0.14	101.84	12.02	-0.138	1438.37	0.0000	10/5/2021	12:09:16 PM
2	88	0.000	0.000	7.677	0.14	101.75	12.05	-0.130	1437.78	0.0000	10/5/2021	12:09:18 PM
2	89	0.000	0.000	7.605	0.14	101.73	12.07	-0.126	1437.48	0.0000	10/5/2021	12:09:20 PM
2	90	0.000	0.000	7.507	0.14	101.71	12.10	-0.121	1437.06	0.0000	10/5/2021	12:09:22 PM
2	91	0.000	0.000	7.447	0.14	101.80	12.12	-0.118	1436.81	0.0000	10/5/2021	12:09:24 PM
2	92	0.000	0.000	7.389	0.14	101.82	12.14	-0.115	1436.57	0.0000	10/5/2021	12:09:26 PM
2	93	0.000	0.000	7.278	0.15	101.89	12.19	-0.109	1436.10	0.0000	10/5/2021	12:09:28 PM
2	94	0.000	0.000	7.193	0.14	101.66	12.18	-0.105	1435.74	0.0000	10/5/2021	12:09:30 PM
2	95	0.000	0.000	7.128	0.14	101.63	12.20	-0.102	1435.46	0.0000	10/5/2021	12:09:32 PM
2	96	0.000	0.000	7.100	0.14	101.54	12.20	-0.100	1435.34	0.0000	10/5/2021	12:09:34 PM
2	97	0.000	0.000	7.126	0.14	101.26	12.16	-0.102	1435.45	0.0000	10/5/2021	12:09:36 PM
2	98	0.000	0.000	7.135	0.14	101.25	12.15	-0.102	1435.49	0.0000	10/5/2021	12:09:38 PM
2	99	0.000	0.000	7.181	0.14	101.27	12.14	-0.104	1435.68	0.0000	10/5/2021	12:09:40 PM
2	100	0.000	0.000	7.170	0.14	101.17	12.13	-0.104	1435.64	0.0000	10/5/2021	12:09:42 PM
2	101	0.000	0.000	7.137	0.14	101.24	12.15	-0.102	1435.50	0.0000	10/5/2021	12:09:44 PM
2	102	0.000	0.000	7.102	0.14	101.18	12.15	-0.101	1435.35	0.0000	10/5/2021	12:09:46 PM
2	103	0.000	0.000	7.065	0.14	101.24	12.17	-0.099	1435.19	0.0000	10/5/2021	12:09:48 PM
2	104	0.000	0.000	7.043	0.14	101.27	12.18	-0.098	1435.10	0.0000	10/5/2021	12:09:50 PM
2	105	0.000	0.000	7.071	0.15	101.39	12.19	-0.099	1435.22	0.0000	10/5/2021	12:09:52 PM
2	106	0.000	0.000	7.056	0.14	101.49	12.21	-0.098	1435.15	0.0000	10/5/2021	12:09:54 PM
2	107	0.000	0.000	7.010	0.14	101.48	12.22	-0.096	1434.96	0.0000	10/5/2021	12:09:56 PM
2	108	0.000	0.000	6.969	0.15	101.32	12.21	-0.094	1434.78	0.0000	10/5/2021	12:09:58 PM
2	109	0.000	0.000	6.924	0.15	101.34	12.23	-0.092	1434.59	0.0000	10/5/2021	12:10:00 PM
2	110	0.000	0.000	6.910	0.14	101.63	12.27	-0.092	1434.53	0.0000	10/5/2021	12:10:02 PM
2	111	0.000	0.000	6.910	0.14	101.35	12.23	-0.092	1434.53	0.0000	10/5/2021	12:10:04 PM
2	112	0.000	0.000	6.923	0.14	101.34	12.23	-0.092	1434.58	0.0000	10/5/2021	12:10:06 PM
2	113	0.000	0.000	6.948	0.14	101.29	12.21	-0.093	1434.69	0.0000	10/5/2021	12:10:08 PM
2	114	0.000	0.000	6.998	0.14	101.43	12.22	-0.096	1434.90	0.0000	10/5/2021	12:10:10 PM
2	115	0.000	0.000	7.002	0.14	101.33	12.20	-0.096	1434.92	0.0000	10/5/2021	12:10:12 PM
2	116	0.000	0.000	6.967	0.14	101.38	12.22	-0.094	1434.77	0.0000	10/5/2021	12:10:14 PM
2	117	0.000	0.000	6.929	0.14	101.32	12.22	-0.092	1434.61	0.0000	10/5/2021	12:10:16 PM
2	118	0.000	0.000	6.949	0.14	101.56	12.25	-0.093	1434.69	0.0000	10/5/2021	12:10:18 PM
2	119	0.000	0.000	6.944	0.14	101.60	12.25	-0.093	1434.67	0.0000	10/5/2021	12:10:20 PM
2	120	0.000	0.000	6.940	0.14	101.59	12.25	-0.093	1434.66	0.0000	10/5/2021	12:10:22 PM
2	121	0.000	0.000	6.992	0.14	101.57	12.23	-0.095	1434.88	0.0000	10/5/2021	12:10:24 PM
2	122	0.000	0.000	7.031	0.14	101.71	12.24	-0.097	1435.05	0.0000	10/5/2021	12:10:26 PM
2	123	0.000	0.000	7.000	0.14	101.60	12.24	-0.096	1434.91	0.0000	10/5/2021	12:10:28 PM
2	124	0.000	0.000	6.969	0.14	101.68	12.25	-0.094	1434.78	0.0000	10/5/2021	12:10:30 PM
2	125	0.000	0.000	6.960	0.14	101.80	12.27	-0.094	1434.74	0.0000	10/5/2021	12:10:32 PM
2	126	0.000	0.000	6.952	0.14	101.74	12.27	-0.094	1434.71	0.0000	10/5/2021	12:10:34 PM
2	127	0.000	0.000	6.897	0.14	101.83	12.29	-0.091	1434.47	0.0000	10/5/2021	12:10:36 PM
2	128	0.000	0.000	6.880	0.14	101.50	12.26	-0.090	1434.40	0.0000	10/5/2021	12:10:38 PM
2	129	0.000	0.000	6.914	0.14	101.53	12.25	-0.092	1434.55	0.0000	10/5/2021	12:10:40 PM
2	130	0.000	0.000	6.882	0.14	101.66	12.28	-0.090	1434.41	0.0000	10/5/2021	12:10:42 PM
2	131	0.000	0.000	6.860	0.14	101.65	12.28	-0.089	1434.31	0.0000	10/5/2021	12:10:44 PM
2	132	0.000	0.000	6.878	0.14	101.59	12.27	-0.090	1434.39	0.0000	10/5/2021	12:10:46 PM
2	133	0.000	0.000	6.867	0.14	101.48	12.26	-0.090	1434.34	0.0000	10/5/2021	12:10:48 PM
2	134	0.000	0.000	6.862	0.14	101.37	12.25	-0.089	1434.32	0.0000	10/5/2021	12:10:50 PM
2	135	0.000	0.000	6.884	0.14	101.63	12.27	-0.090	1434.42	0.0000	10/5/2021	12:10:52 PM
2	136	0.000	0.000	6.898	0.14	101.58	12.26	-0.091	1434.48	0.0000	10/5/2021	12:10:54 PM
2	137	0.000	0.000	6.924	0.14	101.54	12.25	-0.092	1434.59	0.0000	10/5/2021	12:10:56 PM
2	138	0.000	0.000	6.914	0.15	101.42	12.24	-0.092	1434.55	0.0000	10/5/2021	12:10:58 PM
2	139	0.000	0.000	6.915	0.14	101.35	12.23	-0.092	1434.55	0.0000	10/5/2021	12:11:00 PM
2	140	0.000	0.000	6.926	0.14	101.37	12.23	-0.092	1434.60	0.0000	10/5/2021	12:11:02 PM
2	141	0.000	0.000	6.959	0.14	101.26	12.21	-0.094	1434.74	0.0000	10/5/2021	12:11:04 PM
2	142	0.000	0.000	6.955	0.14	101.44	12.23	-0.094	1434.72	0.0000	10/5/2021	12:11:06 PM
2	143	0.000	0.000	6.946	0.14	101.45	12.23	-0.093	1434.68	0.0000	10/5/2021	12:11:08 PM
2	144	0.000	0.000	6.895	0.14	101.45	12.25	-0.091	1434.46	0.0000	10/5/2021	12:11:10 PM
2	145	0.000	0.000	6.869	0.14	101.57	12.27	-0.090	1434.35	0.0000	10/5/2021	12:11:12 PM
2	146	0.000	0.000	6.895	0.14	101.69	12.28	-0.091	1434.46	0.0000	10/5/2021	12:11:14 PM
2	147	0.000	0.000	6.913	0.14	101.48	12.25	-0.092	1434.54	0.0000	10/5/2021	12:11:16 PM
2	148	0.000	0.000	6.929	0.14	101.38	12.23	-0.092	1434.61	0.0000	10/5/2021	12:11:18 PM
2	149	0.000	0.000	6.956	0.14	101.47	12.23	-0.094	1434.72	0.0000	10/5/2021	12:11:20 PM
2	150	0.000	0.000	6.969	0.14	101.40	12.22	-0.094	1434.78	0.0000	10/5/2021	12:11:22 PM
2	151	0.000	0.000	6.998	0.14	101.37	12.21	-0.096	1434.90	0.0000	10/5/2021	12:11:24 PM
2	152	0.000	0.000	7.022	0.14	101.36	12.20	-0.097	1435.01	0.0000	10/5/2021	12:11:26 PM
2	153	0.000	0.000	7.038	0.14	101.53	12.22	-0.097	1435.07	0.0000	10/5/2021	12:11:28 PM
2	154	0.000	0.000	7.061	0.14	101.56	12.21	-0.099	1435.17	0.0000	10/5/2021	12:11:30 PM
2	155	0.000	0.000	7.086	0.15	101.73	12.22	-0.100	1435.28	0.0000	10/5/2021	12:11:32 PM
2	156	0.000	0.000	7.093	0.15	101.54	12.20	-0.100	1435.31	0.0000	10/5/2021	12:11:34 PM
2	157	0.000	0.000	7.083	0.14	101.80	12.23	-0.100	1435.27	0.0000	10/5/2021	12:11:36 PM
2	158	0.000	0.000	7.057	0.14	101.90	12.25	-0.098	1435.16	0.0000	10/5/2021	12:11:38 PM
2	159	0.000	0.000	7.076	0.14	101.53	12.20	-0.099	1435.24	0.0000	10/5/2021	12:11:40 PM
2	160	0.000	0.000	7.056	0.14	101.64	12.22	-0.098	1435.15	0.0000	10/5/2021	12:11:42 PM
2	161	0.000	0.000	6.995	0.14	101.79	12.26	-0.095	1434.89	0.0000	10/5/2021	12:11:44 PM
2	162	0.000	0.000	6.814	0.14	102.14	12.36	-0.087	1434.12	0.0000	10/5/2021	12:11:46 PM
2	163	0.000	0.000	6.468	0.14	102.22	12.48	-0.073	1432.63	0.0000	10/5/2021	12:11:48 PM
2	164	0.000	0.000	6.124	0.14	102.37	12.60	-0.061	1431.13	0.0000	10/5/2021	12:11:50 PM
2	165	0.000	0.000	5.950	0.14	102.42	12.66	-0.055	1430.37	0.0000	10/5/2021	12:11:52 PM
2	166	0.000	0.000	5.740	0.14	102.72	12.77	-0.049	1429.45	0.0000	10/5/2021	12:11:54 PM
2	167	0.000	0.000	5.544	0.14	102.92	12.86	-0.044	1428.58	0.0000	10/5/2021	12:11:56 PM
2	168	0.000	0.000	5.398	0.14	102.64	12.87	-0.041	1427.94	0.0000	10/5/2021	12:11:58 PM
2	169	0.000	0.000	5.350	0.14	101.99	12.81	-0.040	1427.72	0.0000	10/5/2021	12:12:00 PM
2	170	0.000	0.000	5.366	0.14	102.18	12.82	-0.040	1427.80	0.0000	10/5/2021	12:12:02 PM
2	171	0.000	0.000	5.400	0.14	102.51	12.85	-0.041	1427.95	0.0000	10/5/2021	12:12:04 PM
2	172	0.000	0.000	5.317	0.14	102.36	12.86	-0.039	1427.58	0.0000	10/5/2021	12:12:06 PM
2	173	0.000	0.000	5.268	0.14	102.44	12.89	-0.038	1427.36	0.0000	10/5/2021	12:12:08 PM
2	174	0.000	0.000	5.272	0.14	102.30	12.87	-0.038	1427.38	0.0000	10/5/2021	12:12:10 PM
2	175	0.000	0.000	5.282	0.14	102.13	12.85	-0.038	1427.42	0.0000	10/5/2021	12:12:12 PM
2	176	0.000	0.000	5.286	1.84	106.19	13.35	-0.038	1427.44	0.0000	10/5/2021	12:12:14 PM
2	177	0.000	0.000	5.253	1.23	108.96	13.71	-0.038	1427.29	0.0000	10/5/2021	12:12:16 PM
2	178	27.402	26.272	4.266	2.49	106.86	11.48	21.725	1457.98	0.0000	10/5/2021	12:12:18 PM
2	179	32.681	30.565	3.960	0.43	106.07	11.08	25.947	1463.47	0.3700	10/5/2021	12:12:20 PM
2	180	32.756	30.597	3.923	0.40	105.50	11.02	26.010	1463.41	0.2700	10/5/2021	12:12:22 PM
2	181	32.775	30.608	3.917	0.43	104.75	10.94	26.027	1463.41	0.4700	10/5/2021	12:12:24 PM
2	182	32.775	30.603	3.911	0.49	104.46	10.91	26.027	1463.39	0.5000	10/5/2021	12:12:26 PM
2	183	32.777	30.603	3.909	0.44	104.12	10.88	26.029	1463.38	0.4700	10/5/2021	12:12:28 PM
2	184	32.780	30.607	3.910	0.44	103.72	10.84	26.033	1463.40	0.6300	10/5/2021	12:12:30 PM
2	185	32.780	30.604	3.907	0.41	103.36	10.80	26.033	1463.38	0.6900	10/5/2021	12:12:32 PM
2	186	32.680	30.516	3.903	0.39	103.24	10.80	25.952	1463.23	0.3100	10/5/2021	12:12:34 PM
2	187	32.787	30.602	3.898	0.41	102.96	10.76	26.037	1463.35	0.2400	10/5/2021	12:12:36 PM
2	188	32.777	30.596	3.901	0.40	102.74	10.74	26.029	1463.35	0.4300	10/5/2021	12:12:38 PM
2	189	32.786	30.608	3.906	0.43	102.56	10.72	26.037	1463.38	0.5800	10/5/2021	12:12:40 PM
2	190	32.782	30.602	3.903	0.40	102.57	10.72	26.033	1463.36	0.2600	10/5/2021	12:12:42 PM
2	191	32.783	30.601	3.901	0.42	102.34	10.70	26.034	1463.35	0.2900	10/5/2021	12:12:44 PM
2	192	32.781	30.602	3.904	0.42	102.65	10.73	26.032	1463.37	0.4300	10/5/2021	12:12:46 PM
2	193	32.786	30.605	3.902	0.40	102.44	10.70	26.037	1463.37	0.3900	10/5/2021	12:12:48 PM
2	194	32.784	30.603	3.902	0.46	102.18	10.68	26.035	1463.36	0.3800	10/5/2021	12:12:50 PM
2	195	32.786	30.606	3.903	0.40	102.02	10.66	26.037	1463.37	0.4600	10/5/2021	12:12:52 PM
2	196	32.781	30.601	3.902	0.42	101.92	10.65	26.033	1463.36	0.3800	10/5/2021	12:12:54 PM
2	197	0.364	0.447	3.858	0.47	101.78	13.25	0.268	1421.46	0.0000	10/5/2021	12:12:56 PM
2	198	32.795	30.603	3.891	0.38	101.69	10.63	26.044	1463.33	0.2200	10/5/2021	12:12:58 PM
2	199	22.596	21.804	3.887	0.43	101.57	11.37	17.945	1450.22	0.4400	10/5/2021	12:13:00 PM
2	200	32.760	30.576	3.894	0.41	101.71	10.63	26.016	1463.30	0.2800	10/5/2021	12:13:02 PM
2	201	32.777	30.592	3.896	0.41	101.49	10.61	26.030	1463.33	0.3400	10/5/2021	12:13:04 PM
2	202	32.785	30.600	3.897	0.43	101.63	10.62	26.036	1463.34	0.1900	10/5/2021	12:13:06 PM
2	203	32.768	30.588	3.900	0.40	101.37	10.60	26.022	1463.33	0.2200	10/5/2021	12:13:08 PM
2	204	32.775	30.598	3.905	0.40	101.44	10.60	26.028	1463.36	0.4000	10/5/2021	12:13:10 PM
2	205	32.777	30.598	3.903	0.43	101.51	10.61	26.030	1463.36	0.6000	10/5/2021	12:13:12 PM
2	206	32.784	30.607	3.906	0.39	101.46	10.60	26.037	1463.39	0.9200	10/5/2021	12:13:14 PM
2	207	32.790	30.614	3.908	0.40	101.72	10.63	26.044	1463.41	1.3400	10/5/2021	12:13:16 PM
2	208	32.793	30.629	3.923	0.43	101.79	10.63	26.046	1463.48	1.6700	10/5/2021	12:13:18 PM
2	209	32.789	30.652	3.954	0.42	101.62	10.61	26.041	1463.61	1.9900	10/5/2021	12:13:20 PM
2	210	32.768	30.633	3.952	0.40	101.74	10.62	26.027	1463.58	2.2700	10/5/2021	12:13:22 PM
2	211	32.775	30.623	3.933	0.37	101.72	10.62	26.035	1463.52	2.4700	10/5/2021	12:13:24 PM
2	212	32.786	30.630	3.930	0.43	101.66	10.62	26.047	1463.53	3.0600	10/5/2021	12:13:26 PM
2	213	32.779	30.615	3.919	0.42	101.62	10.62	26.046	1463.48	3.7900	10/5/2021	12:13:28 PM
2	214	32.795	30.619	3.908	0.46	101.66	10.62	26.062	1463.47	4.3500	10/5/2021	12:13:30 PM
2	215	32.788	30.614	3.909	0.43	101.68	10.62	26.058	1463.47	4.7700	10/5/2021	12:13:32 PM
2	216	32.795	30.622	3.911	0.40	101.49	10.60	26.067	1463.50	5.6800	10/5/2021	12:13:34 PM
2	217	32.787	30.613	3.907	0.40	101.49	10.60	26.066	1463.49	6.4900	10/5/2021	12:13:36 PM
2	218	32.783	30.615	3.913	0.39	101.50	10.60	26.065	1463.52	7.1000	10/5/2021	12:13:38 PM
2	219	32.784	30.610	3.906	0.38	101.28	10.58	26.070	1463.50	7.8400	10/5/2021	12:13:40 PM
2	220	32.800	30.623	3.905	0.38	101.42	10.60	26.085	1463.53	8.3700	10/5/2021	12:13:42 PM
2	221	32.803	30.629	3.909	0.44	101.35	10.59	26.089	1463.55	8.6800	10/5/2021	12:13:44 PM
2	222	32.789	30.614	3.905	0.40	101.36	10.59	26.079	1463.52	8.9000	10/5/2021	12:13:46 PM
2	223	32.787	30.613	3.906	0.40	101.41	10.60	26.079	1463.53	9.2300	10/5/2021	12:13:48 PM
2	224	32.803	30.631	3.911	0.43	101.32	10.58	26.093	1463.58	9.8100	10/5/2021	12:13:50 PM
2	225	32.807	30.637	3.914	0.43	101.13	10.56	26.099	1463.61	10.4500	10/5/2021	12:13:52 PM
2	226	32.817	30.648	3.917	0.37	101.18	10.57	26.108	1463.64	10.8300	10/5/2021	12:13:54 PM
2	227	32.818	30.653	3.921	0.42	101.10	10.56	26.111	1463.66	11.0800	10/5/2021	12:13:56 PM
2	228	32.828	30.662	3.922	0.43	100.98	10.54	26.119	1463.68	11.2800	10/5/2021	12:13:58 PM
2	229	32.831	30.670	3.928	0.40	100.96	10.54	26.121	1463.71	11.3200	10/5/2021	12:14:00 PM
2	230	32.824	30.665	3.929	0.38	100.87	10.53	26.116	1463.71	11.3300	10/5/2021	12:14:02 PM
2	231	32.822	30.664	3.930	0.39	100.91	10.54	26.114	1463.71	11.3700	10/5/2021	12:14:04 PM
2	232	32.831	30.670	3.928	0.40	101.09	10.55	26.123	1463.72	11.7500	10/5/2021	12:14:06 PM
2	233	32.829	30.671	3.931	0.45	100.97	10.54	26.123	1463.73	12.0300	10/5/2021	12:14:08 PM
2	234	32.835	30.680	3.935	0.41	100.89	10.53	26.130	1463.77	12.6800	10/5/2021	12:14:10 PM
2	235	32.843	30.688	3.937	0.43	100.96	10.54	26.137	1463.79	12.9700	10/5/2021	12:14:12 PM
2	236	32.839	30.681	3.933	0.43	100.90	10.53	26.133	1463.76	12.6800	10/5/2021	12:14:14 PM
2	237	32.848	30.692	3.937	0.37	100.84	10.52	26.139	1463.79	12.5100	10/5/2021	12:14:16 PM
2	238	32.849	30.692	3.936	0.43	100.74	10.51	26.140	1463.79	12.5100	10/5/2021	12:14:18 PM
2	239	32.848	30.682	3.925	0.44	100.82	10.52	26.140	1463.74	12.4000	10/5/2021	12:14:20 PM
2	240	32.825	30.661	3.923	0.42	100.75	10.52	26.122	1463.70	12.3300	10/5/2021	12:14:22 PM
2	241	32.828	30.664	3.924	0.41	100.74	10.52	26.124	1463.71	12.3300	10/5/2021	12:14:24 PM
2	242	32.828	30.664	3.924	0.39	100.67	10.51	26.124	1463.71	12.3100	10/5/2021	12:14:26 PM
2	243	32.825	30.663	3.926	0.40	100.69	10.51	26.121	1463.71	12.3000	10/5/2021	12:14:28 PM
2	244	32.832	30.670	3.927	0.39	100.66	10.51	26.126	1463.72	12.3100	10/5/2021	12:14:30 PM
2	245	32.836	30.674	3.928	0.40	100.67	10.51	26.129	1463.73	12.3300	10/5/2021	12:14:32 PM
2	246	32.827	30.665	3.926	0.41	100.70	10.51	26.123	1463.71	12.3300	10/5/2021	12:14:34 PM
2	247	32.828	30.666	3.926	0.43	100.68	10.51	26.124	1463.71	12.3300	10/5/2021	12:14:36 PM
2	248	32.827	30.661	3.921	0.41	100.65	10.51	26.123	1463.69	12.3200	10/5/2021	12:14:38 PM
2	249	32.825	30.660	3.922	0.41	100.74	10.52	26.122	1463.69	12.3000	10/5/2021	12:14:40 PM
2	250	32.841	30.675	3.924	0.40	100.62	10.51	26.134	1463.72	12.2900	10/5/2021	12:14:42 PM
2	251	32.844	30.680	3.927	0.42	100.66	10.51	26.136	1463.74	12.3200	10/5/2021	12:14:44 PM
2	252	32.823	30.667	3.932	0.41	100.66	10.51	26.119	1463.73	12.3300	10/5/2021	12:14:46 PM
2	253	32.823	30.659	3.923	0.43	100.55	10.50	26.120	1463.70	12.3400	10/5/2021	12:14:48 PM
2	254	32.828	30.663	3.923	0.40	100.65	10.51	26.124	1463.70	12.3400	10/5/2021	12:14:50 PM
2	255	32.830	30.668	3.926	0.44	100.79	10.52	26.126	1463.72	12.3300	10/5/2021	12:14:52 PM
2	256	32.843	30.672	3.918	0.42	100.68	10.51	26.136	1463.70	12.1700	10/5/2021	12:14:54 PM
2	257	32.834	30.667	3.921	0.40	100.54	10.50	26.128	1463.70	12.1500	10/5/2021	12:14:56 PM
2	258	32.823	30.663	3.928	0.44	100.49	10.49	26.118	1463.71	12.1400	10/5/2021	12:14:58 PM
2	259	32.823	30.662	3.926	0.40	100.61	10.51	26.119	1463.71	12.1300	10/5/2021	12:15:00 PM
2	260	32.830	30.667	3.925	0.43	100.56	10.50	26.125	1463.71	12.1500	10/5/2021	12:15:02 PM
2	261	32.822	30.660	3.925	0.41	100.60	10.50	26.118	1463.70	12.1600	10/5/2021	12:15:04 PM
2	262	32.839	30.677	3.928	0.42	100.61	10.50	26.132	1463.73	12.1700	10/5/2021	12:15:06 PM
2	263	32.845	30.687	3.934	0.40	100.63	10.50	26.136	1463.77	12.1600	10/5/2021	12:15:08 PM
2	264	32.859	30.702	3.938	0.43	100.59	10.50	26.146	1463.80	12.1500	10/5/2021	12:15:10 PM
2	265	32.860	30.705	3.940	0.40	100.63	10.50	26.147	1463.81	12.1500	10/5/2021	12:15:12 PM
2	266	32.844	30.692	3.941	0.42	100.52	10.49	26.134	1463.79	12.1500	10/5/2021	12:15:14 PM
2	267	32.850	30.696	3.940	0.40	100.59	10.50	26.139	1463.80	12.1500	10/5/2021	12:15:16 PM
2	268	32.850	30.697	3.941	0.39	100.65	10.50	26.139	1463.80	12.1600	10/5/2021	12:15:18 PM
2	269	32.844	30.690	3.939	0.38	100.57	10.50	26.134	1463.79	12.1800	10/5/2021	12:15:20 PM
2	270	32.836	30.687	3.943	0.39	100.58	10.50	26.129	1463.80	12.4100	10/5/2021	12:15:22 PM
2	271	32.846	30.696	3.943	0.41	100.62	10.50	26.139	1463.82	12.7700	10/5/2021	12:15:24 PM
2	272	32.855	30.704	3.943	0.41	100.60	10.50	26.148	1463.84	13.3300	10/5/2021	12:15:26 PM
2	273	32.857	30.709	3.947	0.42	100.64	10.50	26.151	1463.86	13.7200	10/5/2021	12:15:28 PM
2	274	32.882	30.734	3.952	0.42	100.59	10.49	26.172	1463.92	14.1800	10/5/2021	12:15:30 PM
2	275	32.905	30.767	3.967	0.32	100.91	10.52	26.192	1464.02	14.5800	10/5/2021	12:15:32 PM
2	276	33.161	31.051	4.046	0.32	101.12	10.50	26.389	1464.69	15.0000	10/5/2021	12:15:34 PM
2	277	33.258	31.186	4.108	0.29	101.41	10.51	26.461	1465.08	15.3300	10/5/2021	12:15:36 PM
2	278	33.271	31.215	4.128	0.28	101.67	10.53	26.471	1465.18	15.5900	10/5/2021	12:15:38 PM
2	279	33.299	31.242	4.132	0.28	101.60	10.52	26.495	1465.24	16.0600	10/5/2021	12:15:40 PM
2	280	33.329	31.219	4.075	0.26	101.36	10.51	26.528	1465.06	16.8100	10/5/2021	12:15:42 PM
2	281	33.393	31.219	4.012	0.27	101.15	10.50	26.588	1464.88	17.3900	10/5/2021	12:15:44 PM
2	282	33.445	31.221	3.963	0.26	101.14	10.51	26.637	1464.76	17.9600	10/5/2021	12:15:46 PM
2	283	33.483	31.222	3.927	0.26	101.10	10.51	26.674	1464.67	18.7500	10/5/2021	12:15:48 PM
2	284	33.545	31.247	3.895	0.24	101.20	10.52	26.730	1464.62	19.4500	10/5/2021	12:15:50 PM
2	285	33.595	31.243	3.841	0.22	101.07	10.52	26.779	1464.47	20.1700	10/5/2021	12:15:52 PM
2	286	33.626	31.219	3.783	0.21	100.99	10.52	26.813	1464.28	20.8900	10/5/2021	12:15:54 PM
2	287	33.643	31.203	3.748	0.20	101.02	10.54	26.833	1464.17	21.6900	10/5/2021	12:15:56 PM
2	288	33.670	31.198	3.715	0.20	101.01	10.54	26.862	1464.08	22.4500	10/5/2021	12:15:58 PM
2	289	33.684	31.185	3.686	0.19	100.96	10.54	26.880	1463.99	23.3200	10/5/2021	12:16:00 PM
2	290	33.688	31.182	3.679	0.19	100.92	10.54	26.887	1463.98	24.1100	10/5/2021	12:16:02 PM
2	291	33.692	31.184	3.677	0.21	100.92	10.54	26.894	1463.99	24.9100	10/5/2021	12:16:04 PM
2	292	33.722	31.161	3.621	0.18	100.97	10.56	26.928	1463.81	25.8700	10/5/2021	12:16:06 PM
2	293	33.763	31.138	3.554	0.18	100.95	10.57	26.970	1463.59	26.5000	10/5/2021	12:16:08 PM
2	294	33.770	31.115	3.521	0.18	100.83	10.56	26.982	1463.47	27.2300	10/5/2021	12:16:10 PM
2	295	33.782	31.105	3.497	0.18	100.89	10.58	26.998	1463.40	28.0700	10/5/2021	12:16:12 PM
2	296	33.788	31.106	3.492	0.18	100.83	10.57	27.006	1463.39	28.6400	10/5/2021	12:16:14 PM
2	297	33.792	31.103	3.484	0.18	100.74	10.56	27.014	1463.38	29.3800	10/5/2021	12:16:16 PM
2	298	33.793	31.101	3.481	0.18	100.77	10.57	27.019	1463.38	30.3200	10/5/2021	12:16:18 PM
2	299	33.792	31.096	3.475	0.17	100.67	10.56	27.023	1463.37	31.1200	10/5/2021	12:16:20 PM
2	300	33.795	31.086	3.461	0.16	100.61	10.56	27.030	1463.32	31.8800	10/5/2021	12:16:22 PM
2	301	33.798	31.042	3.407	0.17	100.61	10.57	27.040	1463.11	32.5100	10/5/2021	12:16:24 PM
2	302	33.823	31.024	3.361	0.14	100.50	10.57	27.069	1462.96	33.3200	10/5/2021	12:16:26 PM
2	303	33.828	30.999	3.327	0.18	100.43	10.57	27.080	1462.83	34.1500	10/5/2021	12:16:28 PM
2	304	33.846	30.979	3.286	0.16	100.50	10.59	27.102	1462.70	35.0000	10/5/2021	12:16:30 PM
2	305	33.876	30.956	3.231	0.15	100.44	10.59	27.135	1462.52	35.8700	10/5/2021	12:16:32 PM
2	306	33.897	30.960	3.215	0.16	100.27	10.58	27.157	1462.49	36.6100	10/5/2021	12:16:34 PM
2	307	33.926	30.921	3.142	0.15	100.24	10.59	27.190	1462.23	37.4900	10/5/2021	12:16:36 PM
2	308	33.945	30.867	3.061	0.16	100.14	10.60	27.218	1461.92	38.4300	10/5/2021	12:16:38 PM
2	309	33.982	30.804	2.953	0.14	100.02	10.61	27.260	1461.52	39.2200	10/5/2021	12:16:40 PM
2	310	33.996	30.730	2.853	0.14	99.96	10.63	27.286	1461.13	40.2600	10/5/2021	12:16:42 PM
2	311	34.018	30.673	2.766	0.14	99.77	10.63	27.315	1460.80	41.0300	10/5/2021	12:16:44 PM
2	312	34.018	30.603	2.685	0.13	99.69	10.64	27.325	1460.46	41.8500	10/5/2021	12:16:46 PM
2	313	34.048	30.587	2.638	0.14	99.57	10.64	27.357	1460.31	42.6100	10/5/2021	12:16:48 PM
2	314	34.066	30.558	2.587	0.13	99.47	10.64	27.379	1460.12	43.3200	10/5/2021	12:16:50 PM
2	315	34.042	30.465	2.501	0.13	99.09	10.63	27.371	1459.73	44.0700	10/5/2021	12:16:52 PM
2	316	34.118	30.413	2.369	0.13	99.16	10.66	27.447	1459.27	44.8500	10/5/2021	12:16:54 PM
2	317	34.115	30.350	2.299	0.14	99.19	10.69	27.454	1458.98	45.6900	10/5/2021	12:16:56 PM
2	318	34.110	30.326	2.275	0.13	99.06	10.68	27.456	1458.88	46.5400	10/5/2021	12:16:58 PM
2	319	34.112	30.307	2.251	0.13	99.05	10.68	27.463	1458.79	47.3400	10/5/2021	12:17:00 PM
2	320	34.126	30.300	2.229	0.13	99.04	10.69	27.480	1458.73	48.0600	10/5/2021	12:17:02 PM
2	321	34.157	30.283	2.180	0.12	98.96	10.69	27.512	1458.57	48.8300	10/5/2021	12:17:04 PM
2	322	34.149	30.189	2.078	0.13	99.07	10.73	27.518	1458.13	49.7300	10/5/2021	12:17:06 PM
2	323	34.163	30.164	2.036	0.12	98.98	10.73	27.536	1457.97	50.5800	10/5/2021	12:17:08 PM
2	324	34.163	30.150	2.019	0.13	98.90	10.73	27.541	1457.91	51.2700	10/5/2021	12:17:10 PM
2	325	34.183	30.130	1.977	0.12	98.71	10.72	27.564	1457.77	52.0900	10/5/2021	12:17:12 PM
2	326	34.192	30.067	1.895	0.12	98.37	10.70	27.583	1457.43	53.0600	10/5/2021	12:17:14 PM
2	327	34.194	29.997	1.811	0.12	98.23	10.71	27.595	1457.08	53.9700	10/5/2021	12:17:16 PM
2	328	34.227	29.892	1.658	0.10	98.20	10.74	27.637	1456.47	54.8500	10/5/2021	12:17:18 PM
2	329	34.295	29.841	1.536	0.10	98.31	10.78	27.705	1456.03	55.7400	10/5/2021	12:17:20 PM
2	330	34.292	29.670	1.339	0.11	97.46	10.74	27.721	1455.17	56.6300	10/5/2021	12:17:22 PM
2	331	34.403	29.468	1.002	0.09	96.75	10.75	27.838	1453.82	57.4600	10/5/2021	12:17:24 PM
2	332	34.559	29.291	0.655	0.12	95.82	10.73	27.990	1452.48	58.3300	10/5/2021	12:17:26 PM
2	333	34.573	28.932	0.222	0.09	94.76	10.73	28.032	1450.55	59.2500	10/5/2021	12:17:28 PM
2	334	34.531	28.711	0.000	0.08	94.58	10.77	28.014	1449.49	60.2300	10/5/2021	12:17:30 PM
2	335	34.552	28.609	-0.139	0.09	94.01	10.75	28.043	1448.89	61.1600	10/5/2021	12:17:32 PM
2	336	34.555	28.465	-0.312	0.08	93.56	10.74	28.059	1448.11	62.1200	10/5/2021	12:17:34 PM
2	337	34.526	28.363	-0.407	0.08	92.89	10.70	28.044	1447.65	62.9500	10/5/2021	12:17:36 PM
2	338	34.556	28.346	-0.454	0.08	92.67	10.68	28.075	1447.48	63.8100	10/5/2021	12:17:38 PM
2	339	34.566	28.335	-0.477	0.07	92.54	10.67	28.089	1447.40	64.6700	10/5/2021	12:17:40 PM
2	340	34.586	28.274	-0.567	0.08	92.22	10.66	28.114	1447.03	65.5900	10/5/2021	12:17:42 PM
2	341	34.593	28.199	-0.662	0.07	91.84	10.64	28.127	1446.61	66.3600	10/5/2021	12:17:44 PM
2	342	34.600	28.147	-0.730	0.08	91.53	10.62	28.140	1446.31	67.2800	10/5/2021	12:17:46 PM
2	343	34.593	28.113	-0.765	0.07	91.38	10.62	28.141	1446.15	68.1600	10/5/2021	12:17:48 PM
2	344	34.605	28.107	-0.783	0.08	91.60	10.65	28.156	1446.10	69.0900	10/5/2021	12:17:50 PM
2	345	34.604	28.084	-0.810	0.07	91.73	10.67	28.161	1445.99	70.1300	10/5/2021	12:17:52 PM
2	346	34.616	28.054	-0.856	0.07	91.44	10.65	28.177	1445.81	71.1000	10/5/2021	12:17:54 PM
2	347	34.612	28.020	-0.893	0.07	91.28	10.64	28.179	1445.64	71.8400	10/5/2021	12:17:56 PM
2	348	34.615	28.008	-0.911	0.07	91.16	10.63	28.187	1445.58	72.9100	10/5/2021	12:17:58 PM
2	349	34.612	27.973	-0.950	0.07	91.11	10.64	28.191	1445.41	73.9300	10/5/2021	12:18:00 PM
2	350	34.632	27.957	-0.987	0.07	90.85	10.61	28.213	1445.27	74.7300	10/5/2021	12:18:02 PM
2	351	34.633	27.925	-1.026	0.07	90.67	10.60	28.219	1445.10	75.6300	10/5/2021	12:18:04 PM
2	352	34.627	27.910	-1.039	0.07	90.51	10.59	28.219	1445.05	76.3900	10/5/2021	12:18:06 PM
2	353	34.635	27.890	-1.070	0.07	90.32	10.57	28.230	1444.93	77.2600	10/5/2021	12:18:08 PM
2	354	34.626	27.872	-1.084	0.07	90.07	10.55	28.228	1444.86	78.1300	10/5/2021	12:18:10 PM
2	355	34.629	27.857	-1.105	0.07	89.98	10.54	28.235	1444.78	79.0000	10/5/2021	12:18:12 PM
2	356	34.631	27.843	-1.124	0.07	89.73	10.52	28.242	1444.71	79.8100	10/5/2021	12:18:14 PM
2	357	34.638	27.832	-1.144	0.07	89.51	10.50	28.252	1444.64	80.6100	10/5/2021	12:18:16 PM
2	358	34.638	27.817	-1.162	0.07	89.38	10.49	28.257	1444.56	81.3600	10/5/2021	12:18:18 PM
2	359	34.630	27.803	-1.172	0.07	89.36	10.49	28.255	1444.52	82.4100	10/5/2021	12:18:20 PM
2	360	34.639	27.802	-1.182	0.07	89.23	10.48	28.267	1444.50	83.1500	10/5/2021	12:18:22 PM
2	361	34.632	27.784	-1.197	0.07	89.11	10.47	28.264	1444.43	83.7300	10/5/2021	12:18:24 PM
2	362	34.647	27.781	-1.214	0.07	88.93	10.45	28.281	1444.38	84.5800	10/5/2021	12:18:26 PM
2	363	34.633	27.751	-1.238	0.07	88.82	10.45	28.275	1444.26	85.6100	10/5/2021	12:18:28 PM
2	364	34.657	27.747	-1.264	0.07	88.73	10.44	28.300	1444.19	86.4800	10/5/2021	12:18:30 PM
2	365	34.649	27.727	-1.282	0.07	88.67	10.44	28.299	1444.11	87.3200	10/5/2021	12:18:32 PM
2	366	34.660	27.717	-1.303	0.07	88.55	10.43	28.311	1444.03	88.0000	10/5/2021	12:18:34 PM
2	367	34.642	27.697	-1.312	0.07	88.47	10.42	28.302	1443.98	88.9300	10/5/2021	12:18:36 PM
2	368	34.639	27.686	-1.323	0.07	88.24	10.40	28.305	1443.94	90.0000	10/5/2021	12:18:38 PM
2	369	34.643	27.676	-1.339	0.07	88.05	10.38	28.313	1443.89	90.9300	10/5/2021	12:18:40 PM
2	370	34.651	27.672	-1.351	0.07	87.79	10.36	28.324	1443.85	91.7500	10/5/2021	12:18:42 PM
2	371	34.646	27.660	-1.362	0.07	87.69	10.35	28.325	1443.81	92.7100	10/5/2021	12:18:44 PM
2	372	34.651	27.663	-1.363	0.07	87.58	10.33	28.333	1443.83	93.5300	10/5/2021	12:18:46 PM
2	373	34.649	27.658	-1.368	0.07	87.51	10.33	28.337	1443.82	94.5100	10/5/2021	12:18:48 PM
2	374	34.655	27.649	-1.384	0.07	87.40	10.32	28.346	1443.76	95.4400	10/5/2021	12:18:50 PM
2	375	34.655	27.642	-1.393	0.07	87.21	10.30	28.351	1443.73	96.2700	10/5/2021	12:18:52 PM
2	376	34.669	27.640	-1.408	0.07	87.07	10.28	28.366	1443.69	96.8800	10/5/2021	12:18:54 PM
2	377	34.646	27.610	-1.424	0.07	87.01	10.28	28.353	1443.60	98.0200	10/5/2021	12:18:56 PM
2	378	34.663	27.615	-1.433	0.07	86.99	10.28	28.370	1443.59	98.8000	10/5/2021	12:18:58 PM
2	379	34.662	27.610	-1.439	0.07	86.78	10.26	28.374	1443.58	99.6700	10/5/2021	12:19:00 PM
2	380	34.663	27.600	-1.452	0.07	86.60	10.24	28.380	1443.53	100.5700	10/5/2021	12:19:02 PM
2	381	34.668	27.595	-1.463	0.07	86.41	10.22	28.388	1443.50	101.3800	10/5/2021	12:19:04 PM
2	382	34.657	27.586	-1.465	0.07	86.28	10.21	28.384	1443.49	102.4000	10/5/2021	12:19:06 PM
2	383	34.663	27.586	-1.470	0.07	86.12	10.19	28.393	1443.49	103.3100	10/5/2021	12:19:08 PM
2	384	34.659	27.576	-1.479	0.07	85.92	10.17	28.395	1443.46	104.2900	10/5/2021	12:19:10 PM
2	385	34.664	27.574	-1.487	0.07	85.69	10.14	28.405	1443.44	105.2600	10/5/2021	12:19:12 PM
2	386	34.662	27.569	-1.491	0.07	85.45	10.11	28.407	1443.43	106.0700	10/5/2021	12:19:14 PM
2	387	34.661	27.566	-1.494	0.06	85.38	10.11	28.409	1443.43	106.7700	10/5/2021	12:19:16 PM
2	388	34.658	27.558	-1.502	0.07	85.12	10.08	28.411	1443.40	107.5500	10/5/2021	12:19:18 PM
2	389	34.664	27.561	-1.504	0.07	84.87	10.05	28.420	1443.41	108.4300	10/5/2021	12:19:20 PM
2	390	34.661	27.561	-1.502	0.07	84.55	10.01	28.422	1443.43	109.3300	10/5/2021	12:19:22 PM
2	391	34.663	27.560	-1.505	0.07	84.39	9.99	28.428	1443.44	110.1900	10/5/2021	12:19:24 PM
2	392	34.663	27.558	-1.508	0.07	84.44	10.00	28.433	1443.44	111.1500	10/5/2021	12:19:26 PM
2	393	34.659	27.553	-1.511	0.07	84.49	10.01	28.434	1443.43	112.1200	10/5/2021	12:19:28 PM
2	394	34.659	27.551	-1.514	0.07	84.47	10.01	28.439	1443.44	113.1400	10/5/2021	12:19:30 PM
2	395	34.662	27.551	-1.517	0.07	84.50	10.01	28.446	1443.44	114.0500	10/5/2021	12:19:32 PM
2	396	34.660	27.549	-1.518	0.07	84.49	10.01	28.448	1443.45	114.9400	10/5/2021	12:19:34 PM
2	397	34.662	27.548	-1.522	0.07	84.49	10.01	28.455	1443.45	115.8700	10/5/2021	12:19:36 PM
2	398	34.658	27.535	-1.534	0.07	84.31	9.99	28.457	1443.40	116.9600	10/5/2021	12:19:38 PM
2	399	34.659	27.528	-1.544	0.07	84.19	9.98	28.464	1443.37	118.0600	10/5/2021	12:19:40 PM
2	400	34.667	27.526	-1.554	0.07	84.09	9.97	28.476	1443.35	119.0900	10/5/2021	12:19:42 PM
2	401	34.664	27.521	-1.558	0.07	84.14	9.98	28.478	1443.35	120.0600	10/5/2021	12:19:44 PM
2	402	34.670	27.520	-1.565	0.07	84.16	9.98	28.488	1443.34	121.0000	10/5/2021	12:19:46 PM
2	403	34.677	27.520	-1.571	0.07	84.17	9.98	28.496	1443.33	121.5700	10/5/2021	12:19:48 PM
2	404	34.665	27.513	-1.570	0.07	84.13	9.98	28.491	1443.33	122.5200	10/5/2021	12:19:50 PM
2	405	34.668	27.511	-1.575	0.07	84.04	9.97	28.497	1443.32	123.3200	10/5/2021	12:19:52 PM
2	406	34.663	27.506	-1.577	0.07	83.93	9.96	28.498	1443.32	124.3900	10/5/2021	12:19:54 PM
2	407	34.672	27.503	-1.589	0.07	84.25	10.00	28.511	1443.30	125.4200	10/5/2021	12:19:56 PM
2	408	34.665	27.495	-1.593	0.07	83.88	9.96	28.510	1443.28	126.3500	10/5/2021	12:19:58 PM
2	409	34.669	27.500	-1.591	0.07	83.42	9.90	28.518	1443.31	127.2600	10/5/2021	12:20:00 PM
2	410	34.671	27.504	-1.589	0.07	82.97	9.85	28.524	1443.34	128.1800	10/5/2021	12:20:02 PM
2	411	34.661	27.488	-1.600	0.07	82.96	9.85	28.522	1443.29	129.3700	10/5/2021	12:20:04 PM
2	412	34.664	27.486	-1.605	0.07	82.65	9.81	28.529	1443.29	130.4400	10/5/2021	12:20:06 PM
2	413	34.670	27.492	-1.604	0.07	82.34	9.78	28.539	1443.32	131.4800	10/5/2021	12:20:08 PM
2	414	34.671	27.488	-1.610	0.07	82.32	9.78	28.546	1443.31	132.7000	10/5/2021	12:20:10 PM
2	415	34.672	27.485	-1.615	0.07	81.88	9.72	28.552	1443.31	133.7900	10/5/2021	12:20:12 PM
2	416	34.670	27.479	-1.621	0.07	81.68	9.70	28.556	1443.29	134.9200	10/5/2021	12:20:14 PM
2	417	34.672	27.479	-1.624	0.07	81.41	9.67	28.564	1443.30	136.0600	10/5/2021	12:20:16 PM
2	418	34.673	27.479	-1.625	0.07	81.24	9.65	28.570	1443.32	137.2300	10/5/2021	12:20:18 PM
2	419	34.671	27.478	-1.625	0.07	80.87	9.61	28.573	1443.33	138.2700	10/5/2021	12:20:20 PM
2	420	34.672	27.477	-1.628	0.07	80.30	9.54	28.579	1443.33	139.2000	10/5/2021	12:20:22 PM
2	421	34.680	27.482	-1.629	0.07	79.86	9.49	28.590	1443.35	140.2000	10/5/2021	12:20:24 PM
2	422	34.677	27.478	-1.632	0.07	79.54	9.45	28.593	1443.35	141.2900	10/5/2021	12:20:26 PM
2	423	34.677	27.478	-1.633	0.07	79.21	9.41	28.598	1443.37	142.2600	10/5/2021	12:20:28 PM
2	424	34.679	27.478	-1.635	0.07	78.78	9.36	28.604	1443.37	143.1800	10/5/2021	12:20:30 PM
2	425	34.676	27.477	-1.634	0.07	78.24	9.30	28.607	1443.40	144.4900	10/5/2021	12:20:32 PM
2	426	34.677	27.477	-1.636	0.07	77.88	9.25	28.615	1443.41	145.7800	10/5/2021	12:20:34 PM
2	427	34.672	27.474	-1.636	0.07	77.51	9.21	28.617	1443.42	147.0700	10/5/2021	12:20:36 PM
2	428	34.675	27.477	-1.635	0.07	76.95	9.14	28.624	1443.45	148.0700	10/5/2021	12:20:38 PM
2	429	34.682	27.483	-1.635	0.07	76.49	9.09	28.635	1443.47	149.0300	10/5/2021	12:20:40 PM
2	430	34.681	27.485	-1.632	0.07	76.08	9.04	28.638	1443.50	150.0500	10/5/2021	12:20:42 PM
2	431	34.683	27.487	-1.632	0.07	75.61	8.98	28.644	1443.52	150.9100	10/5/2021	12:20:44 PM
2	432	34.688	27.492	-1.631	0.07	75.19	8.93	28.653	1443.55	151.8400	10/5/2021	12:20:46 PM
2	433	34.688	27.491	-1.632	0.07	74.83	8.89	28.656	1443.55	152.7000	10/5/2021	12:20:48 PM
2	434	34.681	27.486	-1.633	0.07	74.59	8.86	28.656	1443.56	153.7100	10/5/2021	12:20:50 PM
2	435	34.681	27.484	-1.636	0.07	74.52	8.86	28.661	1443.56	154.7200	10/5/2021	12:20:52 PM
2	436	34.679	27.482	-1.637	0.07	74.43	8.84	28.664	1443.57	155.6200	10/5/2021	12:20:54 PM
2	437	34.684	27.485	-1.638	0.07	73.75	8.76	28.673	1443.59	156.6900	10/5/2021	12:20:56 PM
2	438	34.687	27.487	-1.639	0.07	73.22	8.70	28.679	1443.60	157.5100	10/5/2021	12:20:58 PM
2	439	34.683	27.486	-1.637	0.07	72.71	8.64	28.681	1443.62	158.5000	10/5/2021	12:21:00 PM
2	440	34.684	27.489	-1.635	0.08	72.36	8.60	28.686	1443.64	159.4100	10/5/2021	12:21:02 PM
2	441	34.686	27.490	-1.636	0.07	72.14	8.57	28.692	1443.66	160.3800	10/5/2021	12:21:04 PM
2	442	34.682	27.486	-1.638	0.08	71.79	8.53	28.694	1443.66	161.4800	10/5/2021	12:21:06 PM
2	443	34.687	27.490	-1.638	0.07	71.64	8.51	28.703	1443.68	162.4300	10/5/2021	12:21:08 PM
2	444	34.686	27.490	-1.638	0.07	71.51	8.50	28.707	1443.70	163.3400	10/5/2021	12:21:10 PM
2	445	34.691	27.493	-1.639	0.07	71.47	8.49	28.715	1443.71	164.1600	10/5/2021	12:21:12 PM
2	446	34.688	27.492	-1.638	0.07	71.42	8.49	28.716	1443.72	164.9200	10/5/2021	12:21:14 PM
2	447	34.696	27.498	-1.638	0.07	71.38	8.48	28.726	1443.75	165.6600	10/5/2021	12:21:16 PM
2	448	34.686	27.492	-1.637	0.07	71.19	8.46	28.722	1443.75	166.5600	10/5/2021	12:21:18 PM
2	449	34.695	27.498	-1.638	0.07	70.86	8.42	28.733	1443.77	167.3200	10/5/2021	12:21:20 PM
2	450	34.693	27.498	-1.637	0.07	70.72	8.40	28.736	1443.79	168.2200	10/5/2021	12:21:22 PM
2	451	34.693	27.497	-1.638	0.07	70.78	8.41	28.739	1443.80	169.1200	10/5/2021	12:21:24 PM
2	452	34.691	27.494	-1.641	0.07	70.93	8.43	28.743	1443.80	169.9900	10/5/2021	12:21:26 PM
2	453	34.687	27.493	-1.639	0.08	70.99	8.44	28.743	1443.81	170.7500	10/5/2021	12:21:28 PM
2	454	34.685	27.492	-1.639	0.07	70.84	8.42	28.745	1443.82	171.5500	10/5/2021	12:21:30 PM
2	455	34.697	27.501	-1.639	0.07	70.58	8.39	28.759	1443.85	172.3200	10/5/2021	12:21:32 PM
2	456	34.700	27.504	-1.638	0.07	70.40	8.36	28.764	1443.87	173.0100	10/5/2021	12:21:34 PM
2	457	34.692	27.499	-1.638	0.07	70.31	8.35	28.761	1443.87	173.7000	10/5/2021	12:21:36 PM
2	458	34.689	27.497	-1.638	0.07	70.21	8.34	28.763	1443.88	174.5600	10/5/2021	12:21:38 PM
2	459	34.690	27.498	-1.638	0.07	70.16	8.34	28.767	1443.90	175.2700	10/5/2021	12:21:40 PM
2	460	34.700	27.505	-1.639	0.07	70.12	8.33	28.778	1443.92	175.9300	10/5/2021	12:21:42 PM
2	461	34.703	27.507	-1.639	0.07	70.04	8.32	28.784	1443.93	176.6000	10/5/2021	12:21:44 PM
2	462	34.696	27.503	-1.638	0.07	69.94	8.31	28.781	1443.94	177.3600	10/5/2021	12:21:46 PM
2	463	34.692	27.500	-1.639	0.07	69.74	8.29	28.782	1443.94	178.1100	10/5/2021	12:21:48 PM
2	464	34.692	27.501	-1.638	0.07	69.40	8.25	28.785	1443.96	178.7900	10/5/2021	12:21:50 PM
2	465	34.692	27.502	-1.637	0.07	68.74	8.17	28.789	1443.97	179.6000	10/5/2021	12:21:52 PM
2	466	34.697	27.506	-1.637	0.07	68.09	8.09	28.797	1443.99	180.4800	10/5/2021	12:21:54 PM
2	467	34.695	27.506	-1.636	0.07	67.30	8.00	28.800	1444.01	181.4400	10/5/2021	12:21:56 PM
2	468	34.697	27.509	-1.635	0.07	67.01	7.96	28.806	1444.03	182.3400	10/5/2021	12:21:58 PM
2	469	34.697	27.509	-1.635	0.07	66.67	7.92	28.810	1444.05	183.2500	10/5/2021	12:22:00 PM
2	470	34.695	27.509	-1.634	0.07	66.40	7.89	28.813	1444.07	184.1700	10/5/2021	12:22:02 PM
2	471	34.694	27.507	-1.636	0.07	66.28	7.87	28.817	1444.07	185.0700	10/5/2021	12:22:04 PM
2	472	34.697	27.511	-1.634	0.07	66.25	7.87	28.823	1444.10	185.8800	10/5/2021	12:22:06 PM
2	473	34.699	27.513	-1.634	0.07	66.19	7.86	28.828	1444.11	186.6000	10/5/2021	12:22:08 PM
2	474	34.696	27.511	-1.634	0.07	66.17	7.86	28.830	1444.12	187.4900	10/5/2021	12:22:10 PM
2	475	34.703	27.513	-1.638	0.07	66.15	7.86	28.837	1444.12	187.7000	10/5/2021	12:22:12 PM
2	476	34.706	27.516	-1.637	0.07	66.11	7.85	28.839	1444.12	187.7100	10/5/2021	12:22:14 PM
2	477	34.717	27.523	-1.638	0.07	66.05	7.85	28.848	1444.13	187.7000	10/5/2021	12:22:16 PM
2	478	34.721	27.527	-1.637	0.07	66.09	7.85	28.852	1444.15	187.7200	10/5/2021	12:22:18 PM
2	479	34.721	27.528	-1.636	0.07	66.09	7.85	28.852	1444.15	187.7200	10/5/2021	12:22:20 PM
2	480	34.727	27.533	-1.635	0.07	66.06	7.85	28.857	1444.16	187.7400	10/5/2021	12:22:22 PM
2	481	34.739	27.542	-1.634	0.07	66.03	7.84	28.866	1444.18	187.7600	10/5/2021	12:22:24 PM
2	482	34.747	27.547	-1.635	0.09	66.05	7.84	28.873	1444.19	187.7600	10/5/2021	12:22:26 PM
2	483	34.753	27.551	-1.636	0.07	66.05	7.84	28.878	1444.19	187.7600	10/5/2021	12:22:28 PM
2	484	34.748	27.547	-1.636	0.07	66.06	7.85	28.874	1444.19	187.7600	10/5/2021	12:22:30 PM
2	485	34.748	27.546	-1.637	0.07	66.11	7.85	28.873	1444.18	187.7700	10/5/2021	12:22:32 PM
2	486	34.746	27.546	-1.636	0.07	66.11	7.85	28.873	1444.19	187.7900	10/5/2021	12:22:34 PM
2	487	34.740	27.544	-1.633	0.07	66.11	7.85	28.867	1444.19	187.7900	10/5/2021	12:22:36 PM
2	488	34.731	27.539	-1.631	0.07	66.05	7.85	28.860	1444.19	187.7700	10/5/2021	12:22:38 PM
2	489	34.729	27.538	-1.631	0.07	66.08	7.85	28.859	1444.19	187.7800	10/5/2021	12:22:40 PM
2	490	34.709	27.520	-1.635	0.07	66.02	7.84	28.841	1444.14	187.5900	10/5/2021	12:22:42 PM
2	491	34.712	27.522	-1.635	0.07	66.02	7.84	28.843	1444.14	187.4800	10/5/2021	12:22:44 PM
2	492	34.722	27.532	-1.632	0.08	66.02	7.84	28.851	1444.17	187.4600	10/5/2021	12:22:46 PM
2	493	34.703	27.512	-1.639	0.07	66.04	7.85	28.833	1444.10	186.7400	10/5/2021	12:22:48 PM
2	494	34.695	27.505	-1.640	0.07	66.06	7.85	28.822	1444.07	185.8700	10/5/2021	12:22:50 PM
2	495	34.693	27.503	-1.640	0.07	66.06	7.85	28.816	1444.05	185.0200	10/5/2021	12:22:52 PM
2	496	34.696	27.505	-1.640	0.07	66.10	7.85	28.816	1444.04	184.3900	10/5/2021	12:22:54 PM
2	497	34.691	27.501	-1.640	0.07	66.09	7.85	28.807	1444.02	183.4800	10/5/2021	12:22:56 PM
2	498	34.690	27.500	-1.640	0.07	66.08	7.85	28.802	1444.01	182.5900	10/5/2021	12:22:58 PM
2	499	34.690	27.499	-1.640	0.07	66.12	7.86	28.797	1443.99	181.6700	10/5/2021	12:23:00 PM
2	500	34.689	27.498	-1.640	0.07	66.13	7.86	28.792	1443.97	180.7600	10/5/2021	12:23:02 PM
2	501	34.687	27.495	-1.642	0.07	66.17	7.86	28.787	1443.95	179.9100	10/5/2021	12:23:04 PM
2	502	34.688	27.495	-1.642	0.07	66.35	7.89	28.783	1443.93	179.0200	10/5/2021	12:23:06 PM
2	503	34.688	27.493	-1.644	0.07	66.58	7.91	28.779	1443.91	178.0900	10/5/2021	12:23:08 PM
2	504	34.686	27.490	-1.645	0.07	66.78	7.94	28.773	1443.89	177.2200	10/5/2021	12:23:10 PM
2	505	34.688	27.491	-1.645	0.07	67.22	7.99	28.770	1443.88	176.3100	10/5/2021	12:23:12 PM
2	506	34.686	27.489	-1.645	0.08	67.80	8.06	28.764	1443.86	175.3400	10/5/2021	12:23:14 PM
2	507	34.686	27.489	-1.645	0.07	68.33	8.12	28.760	1443.84	174.3900	10/5/2021	12:23:16 PM
2	508	34.684	27.487	-1.645	0.07	68.83	8.18	28.753	1443.82	173.4400	10/5/2021	12:23:18 PM
2	509	34.685	27.487	-1.645	0.07	69.15	8.22	28.749	1443.81	172.5200	10/5/2021	12:23:20 PM
2	510	34.685	27.487	-1.645	0.07	69.61	8.27	28.747	1443.80	171.8300	10/5/2021	12:23:22 PM
2	511	34.691	27.491	-1.645	0.07	69.88	8.30	28.748	1443.80	171.1100	10/5/2021	12:23:24 PM
2	512	34.683	27.486	-1.644	0.07	70.08	8.33	28.739	1443.78	170.6700	10/5/2021	12:23:26 PM
2	513	34.691	27.492	-1.643	0.07	70.23	8.35	28.744	1443.79	170.4400	10/5/2021	12:23:28 PM
2	514	34.697	27.495	-1.645	0.07	70.28	8.35	28.749	1443.79	170.2300	10/5/2021	12:23:30 PM
2	515	34.692	27.490	-1.646	0.07	70.40	8.37	28.743	1443.77	169.9300	10/5/2021	12:23:32 PM
2	516	34.688	27.487	-1.646	0.07	70.42	8.37	28.737	1443.76	169.4900	10/5/2021	12:23:34 PM
2	517	34.688	27.487	-1.646	0.07	70.60	8.39	28.735	1443.75	168.9400	10/5/2021	12:23:36 PM
2	518	34.686	27.485	-1.646	0.07	70.67	8.40	28.729	1443.74	168.1300	10/5/2021	12:23:38 PM
2	519	34.684	27.485	-1.644	0.07	70.74	8.41	28.724	1443.73	167.3500	10/5/2021	12:23:40 PM
2	520	34.684	27.485	-1.644	0.07	70.84	8.42	28.721	1443.72	166.5400	10/5/2021	12:23:42 PM
2	521	34.684	27.484	-1.644	0.07	70.83	8.42	28.716	1443.70	165.7400	10/5/2021	12:23:44 PM
2	522	34.684	27.484	-1.644	0.07	70.79	8.41	28.713	1443.69	164.9200	10/5/2021	12:23:46 PM
2	523	34.687	27.485	-1.645	0.07	70.76	8.41	28.711	1443.68	164.1100	10/5/2021	12:23:48 PM
2	524	34.681	27.481	-1.644	0.08	70.77	8.41	28.702	1443.66	163.3000	10/5/2021	12:23:50 PM
2	525	34.686	27.484	-1.644	0.07	70.84	8.42	28.703	1443.66	162.6000	10/5/2021	12:23:52 PM
2	526	34.682	27.482	-1.643	0.07	70.98	8.44	28.696	1443.64	161.7800	10/5/2021	12:23:54 PM
2	527	34.683	27.482	-1.643	0.07	71.05	8.44	28.692	1443.63	160.9700	10/5/2021	12:23:56 PM
2	528	34.676	27.477	-1.643	0.07	71.10	8.45	28.683	1443.61	160.1300	10/5/2021	12:23:58 PM
2	529	34.685	27.484	-1.642	0.07	71.22	8.46	28.687	1443.61	159.3000	10/5/2021	12:24:00 PM
2	530	34.682	27.480	-1.643	0.07	71.21	8.46	28.680	1443.59	158.4800	10/5/2021	12:24:02 PM
2	531	34.684	27.482	-1.642	0.07	71.30	8.47	28.677	1443.58	157.6400	10/5/2021	12:24:04 PM
2	532	34.678	27.477	-1.643	0.07	71.37	8.48	28.669	1443.56	156.8000	10/5/2021	12:24:06 PM
2	533	34.680	27.477	-1.644	0.07	71.45	8.49	28.666	1443.54	155.9700	10/5/2021	12:24:08 PM
2	534	34.679	27.476	-1.644	0.07	71.68	8.52	28.662	1443.53	155.1600	10/5/2021	12:24:10 PM
2	535	34.680	27.476	-1.644	0.07	71.72	8.52	28.658	1443.51	154.3300	10/5/2021	12:24:12 PM
2	536	34.677	27.476	-1.641	0.07	71.86	8.54	28.652	1443.51	153.5100	10/5/2021	12:24:14 PM
2	537	34.676	27.477	-1.639	0.07	72.16	8.58	28.648	1443.51	152.7600	10/5/2021	12:24:16 PM
2	538	34.676	27.477	-1.638	0.07	73.05	8.68	28.644	1443.50	152.0100	10/5/2021	12:24:18 PM
2	539	34.678	27.478	-1.638	0.07	73.55	8.74	28.641	1443.49	151.2400	10/5/2021	12:24:20 PM
2	540	34.681	27.480	-1.638	0.07	73.81	8.77	28.640	1443.48	150.4000	10/5/2021	12:24:22 PM
2	541	34.676	27.478	-1.636	0.07	74.01	8.79	28.632	1443.47	149.5600	10/5/2021	12:24:24 PM
2	542	34.674	27.475	-1.637	0.07	74.14	8.81	28.626	1443.45	148.7400	10/5/2021	12:24:26 PM
2	543	34.675	27.473	-1.640	0.07	74.34	8.83	28.623	1443.42	147.9000	10/5/2021	12:24:28 PM
2	544	34.675	27.472	-1.641	0.07	74.44	8.85	28.620	1443.40	147.0600	10/5/2021	12:24:30 PM
2	545	34.672	27.468	-1.642	0.07	74.70	8.88	28.613	1443.38	146.2500	10/5/2021	12:24:32 PM
2	546	34.676	27.471	-1.642	0.07	74.98	8.91	28.613	1443.37	145.4200	10/5/2021	12:24:34 PM
2	547	34.672	27.468	-1.642	0.07	75.70	9.00	28.607	1443.36	144.8600	10/5/2021	12:24:36 PM
2	548	34.670	27.467	-1.641	0.07	76.36	9.08	28.601	1443.35	144.1000	10/5/2021	12:24:38 PM
2	549	34.676	27.470	-1.642	0.07	76.97	9.15	28.604	1443.34	143.6600	10/5/2021	12:24:40 PM
2	550	34.670	27.466	-1.641	0.07	77.18	9.17	28.595	1443.33	142.7700	10/5/2021	12:24:42 PM
2	551	34.669	27.467	-1.639	0.07	77.42	9.20	28.590	1443.32	141.9500	10/5/2021	12:24:44 PM
2	552	34.671	27.468	-1.639	0.07	77.61	9.22	28.588	1443.31	141.2800	10/5/2021	12:24:46 PM
2	553	34.673	27.470	-1.638	0.07	78.13	9.28	28.587	1443.31	140.6800	10/5/2021	12:24:48 PM
2	554	34.674	27.470	-1.638	0.07	78.46	9.32	28.584	1443.30	139.8700	10/5/2021	12:24:50 PM
2	555	34.672	27.471	-1.635	0.07	78.59	9.34	28.578	1443.30	139.0100	10/5/2021	12:24:52 PM
2	556	34.667	27.468	-1.634	0.07	78.76	9.36	28.570	1443.28	138.1300	10/5/2021	12:24:54 PM
2	557	34.675	27.475	-1.632	0.07	79.04	9.39	28.575	1443.30	137.9900	10/5/2021	12:24:56 PM
2	558	34.670	27.471	-1.632	0.07	79.36	9.43	28.568	1443.28	137.2100	10/5/2021	12:24:58 PM
2	559	34.667	27.468	-1.633	0.07	79.46	9.44	28.562	1443.26	136.4600	10/5/2021	12:25:00 PM
2	560	34.667	27.468	-1.632	0.07	79.96	9.50	28.557	1443.25	135.6400	10/5/2021	12:25:02 PM
2	561	34.666	27.468	-1.631	0.07	80.43	9.56	28.553	1443.24	134.9000	10/5/2021	12:25:04 PM
2	562	34.665	27.468	-1.630	0.07	80.62	9.58	28.549	1443.23	134.2100	10/5/2021	12:25:06 PM
2	563	34.665	27.471	-1.626	0.07	80.78	9.60	28.545	1443.24	133.3300	10/5/2021	12:25:08 PM
2	564	34.666	27.475	-1.621	0.07	80.93	9.61	28.541	1443.25	132.4800	10/5/2021	12:25:10 PM
2	565	34.662	27.472	-1.621	0.07	80.99	9.62	28.534	1443.23	131.6400	10/5/2021	12:25:12 PM
2	566	34.664	27.478	-1.615	0.07	81.07	9.63	28.531	1443.25	130.8000	10/5/2021	12:25:14 PM
2	567	34.663	27.480	-1.611	0.07	81.12	9.63	28.526	1443.25	129.9500	10/5/2021	12:25:16 PM
2	568	34.663	27.478	-1.613	0.07	81.30	9.66	28.522	1443.23	129.1100	10/5/2021	12:25:18 PM
2	569	34.658	27.478	-1.609	0.07	81.39	9.67	28.515	1443.23	128.3000	10/5/2021	12:25:20 PM
2	570	34.660	27.486	-1.600	0.07	81.72	9.70	28.511	1443.26	127.4500	10/5/2021	12:25:22 PM
2	571	34.661	27.486	-1.601	0.07	81.96	9.73	28.509	1443.24	126.5700	10/5/2021	12:25:24 PM
2	572	34.662	27.485	-1.602	0.09	82.12	9.75	28.505	1443.22	125.7200	10/5/2021	12:25:26 PM
2	573	34.657	27.478	-1.606	0.07	82.24	9.77	28.498	1443.19	124.9700	10/5/2021	12:25:28 PM
2	574	34.656	27.482	-1.600	0.07	82.83	9.83	28.493	1443.20	124.1500	10/5/2021	12:25:30 PM
2	575	34.659	27.493	-1.589	0.07	83.18	9.87	28.491	1443.24	123.3000	10/5/2021	12:25:32 PM
2	576	34.659	27.496	-1.585	0.08	83.40	9.90	28.487	1443.25	122.4600	10/5/2021	12:25:34 PM
2	577	34.658	27.498	-1.581	0.07	83.62	9.92	28.481	1443.25	121.6000	10/5/2021	12:25:36 PM
2	578	34.658	27.501	-1.577	0.07	83.77	9.94	28.477	1443.26	120.7500	10/5/2021	12:25:38 PM
2	579	34.654	27.502	-1.572	0.07	83.72	9.93	28.470	1443.26	119.8900	10/5/2021	12:25:40 PM
2	580	34.658	27.510	-1.565	0.07	83.75	9.93	28.468	1443.29	119.0300	10/5/2021	12:25:42 PM
2	581	34.657	27.511	-1.563	0.07	83.78	9.94	28.464	1443.28	118.1900	10/5/2021	12:25:44 PM
2	582	34.652	27.513	-1.556	0.07	83.81	9.94	28.455	1443.30	117.3400	10/5/2021	12:25:46 PM
2	583	34.655	27.522	-1.547	0.07	83.82	9.94	28.453	1443.33	116.5200	10/5/2021	12:25:48 PM
2	584	34.656	27.535	-1.532	0.07	83.83	9.94	28.450	1443.39	115.6800	10/5/2021	12:25:50 PM
2	585	34.651	27.534	-1.528	0.07	83.87	9.94	28.441	1443.39	114.8100	10/5/2021	12:25:52 PM
2	586	34.649	27.535	-1.525	0.07	83.92	9.94	28.435	1443.38	113.9500	10/5/2021	12:25:54 PM
2	587	34.654	27.539	-1.524	0.07	84.01	9.95	28.435	1443.38	113.0900	10/5/2021	12:25:56 PM
2	588	34.648	27.537	-1.521	0.07	84.03	9.96	28.426	1443.37	112.2300	10/5/2021	12:25:58 PM
2	589	34.653	27.541	-1.520	0.07	84.06	9.96	28.426	1443.37	111.3800	10/5/2021	12:26:00 PM
2	590	34.652	27.542	-1.517	0.07	84.15	9.97	28.421	1443.37	110.5400	10/5/2021	12:26:02 PM
2	591	34.651	27.542	-1.516	0.07	84.13	9.97	28.416	1443.36	109.6900	10/5/2021	12:26:04 PM
2	592	34.650	27.542	-1.515	0.07	84.24	9.98	28.412	1443.35	108.8500	10/5/2021	12:26:06 PM
2	593	34.653	27.546	-1.512	0.07	84.18	9.97	28.409	1443.35	107.9900	10/5/2021	12:26:08 PM
2	594	34.647	27.546	-1.506	0.07	84.26	9.98	28.400	1443.36	107.1400	10/5/2021	12:26:10 PM
2	595	34.646	27.551	-1.499	0.07	84.36	9.99	28.395	1443.38	106.2700	10/5/2021	12:26:12 PM
2	596	34.646	27.554	-1.495	0.07	84.44	10.00	28.391	1443.38	105.4300	10/5/2021	12:26:14 PM
2	597	34.645	27.554	-1.494	0.07	84.62	10.02	28.386	1443.37	104.5500	10/5/2021	12:26:16 PM
2	598	34.645	27.560	-1.486	0.07	84.75	10.03	28.381	1443.40	103.7000	10/5/2021	12:26:18 PM
2	599	34.649	27.566	-1.482	0.07	84.93	10.05	28.381	1443.41	102.8500	10/5/2021	12:26:20 PM
2	600	34.649	27.570	-1.477	0.07	85.14	10.08	28.376	1443.42	101.9900	10/5/2021	12:26:22 PM
2	601	34.646	27.574	-1.469	0.07	85.21	10.08	28.370	1443.44	101.1500	10/5/2021	12:26:24 PM
2	602	34.643	27.579	-1.460	0.07	85.43	10.11	28.363	1443.46	100.3800	10/5/2021	12:26:26 PM
2	603	34.642	27.585	-1.451	0.08	85.67	10.13	28.357	1443.49	99.5000	10/5/2021	12:26:28 PM
2	604	34.642	27.593	-1.441	0.07	85.78	10.14	28.353	1443.52	98.6200	10/5/2021	12:26:30 PM
2	605	34.638	27.595	-1.435	0.07	85.88	10.15	28.345	1443.53	97.7600	10/5/2021	12:26:32 PM
2	606	34.636	27.605	-1.421	0.07	86.07	10.17	28.339	1443.58	96.9000	10/5/2021	12:26:34 PM
2	607	34.637	27.618	-1.406	0.07	86.22	10.19	28.336	1443.64	96.0600	10/5/2021	12:26:36 PM
2	608	34.634	27.624	-1.396	0.07	86.32	10.19	28.329	1443.67	95.2700	10/5/2021	12:26:38 PM
2	609	34.633	27.632	-1.385	0.07	86.54	10.22	28.324	1443.71	94.4800	10/5/2021	12:26:40 PM
2	610	34.633	27.638	-1.377	0.07	86.76	10.24	28.319	1443.74	93.6300	10/5/2021	12:26:42 PM
2	611	34.633	27.641	-1.373	0.07	86.84	10.25	28.315	1443.74	92.7800	10/5/2021	12:26:44 PM
2	612	34.631	27.642	-1.370	0.07	86.94	10.26	28.310	1443.74	91.9300	10/5/2021	12:26:46 PM
2	613	34.632	27.646	-1.365	0.07	86.98	10.26	28.305	1443.75	91.0500	10/5/2021	12:26:48 PM
2	614	34.630	27.653	-1.355	0.07	87.10	10.28	28.300	1443.78	90.2000	10/5/2021	12:26:50 PM
2	615	34.629	27.662	-1.343	0.07	87.19	10.28	28.294	1443.82	89.3300	10/5/2021	12:26:52 PM
2	616	34.629	27.671	-1.332	0.07	87.33	10.30	28.290	1443.86	88.4800	10/5/2021	12:26:54 PM
2	617	34.627	27.685	-1.313	0.07	87.37	10.30	28.284	1443.93	87.6200	10/5/2021	12:26:56 PM
2	618	34.625	27.700	-1.293	0.07	87.50	10.31	28.277	1444.01	86.7900	10/5/2021	12:26:58 PM
2	619	34.623	27.713	-1.275	0.07	87.71	10.33	28.271	1444.08	85.9300	10/5/2021	12:27:00 PM
2	620	34.623	27.723	-1.263	0.07	87.87	10.34	28.266	1444.12	85.0600	10/5/2021	12:27:02 PM
2	621	34.623	27.738	-1.244	0.07	88.02	10.35	28.261	1444.20	84.2000	10/5/2021	12:27:04 PM
2	622	34.623	27.752	-1.227	0.07	88.10	10.36	28.256	1444.27	83.3600	10/5/2021	12:27:06 PM
2	623	34.619	27.772	-1.200	0.07	88.16	10.36	28.249	1444.38	82.5200	10/5/2021	12:27:08 PM
2	624	34.615	27.780	-1.186	0.07	88.25	10.37	28.240	1444.42	81.6600	10/5/2021	12:27:10 PM
2	625	34.610	27.786	-1.174	0.07	88.33	10.37	28.231	1444.46	80.8200	10/5/2021	12:27:12 PM
2	626	34.613	27.802	-1.157	0.07	88.41	10.38	28.229	1444.53	79.9600	10/5/2021	12:27:14 PM
2	627	34.606	27.815	-1.135	0.08	88.46	10.38	28.218	1444.61	79.1200	10/5/2021	12:27:16 PM
2	628	34.609	27.839	-1.109	0.07	88.65	10.39	28.216	1444.72	78.2500	10/5/2021	12:27:18 PM
2	629	34.605	27.852	-1.090	0.08	88.83	10.41	28.208	1444.79	77.4100	10/5/2021	12:27:20 PM
2	630	34.601	27.868	-1.067	0.08	88.95	10.42	28.200	1444.88	76.5400	10/5/2021	12:27:22 PM
2	631	34.601	27.887	-1.044	0.07	89.12	10.43	28.195	1444.98	75.6700	10/5/2021	12:27:24 PM
2	632	34.597	27.898	-1.027	0.07	89.24	10.44	28.187	1445.04	74.8400	10/5/2021	12:27:26 PM
2	633	34.596	27.911	-1.010	0.07	89.34	10.45	28.181	1445.10	73.9800	10/5/2021	12:27:28 PM
2	634	34.592	27.935	-0.977	0.07	89.54	10.46	28.172	1445.24	73.1200	10/5/2021	12:27:30 PM
2	635	34.587	27.963	-0.939	0.08	89.86	10.49	28.162	1445.40	72.2500	10/5/2021	12:27:32 PM
2	636	34.585	27.980	-0.917	0.08	90.21	10.52	28.156	1445.48	71.3800	10/5/2021	12:27:34 PM
2	637	34.580	27.999	-0.890	0.07	90.34	10.53	28.147	1445.59	70.5100	10/5/2021	12:27:36 PM
2	638	34.574	28.031	-0.846	0.08	90.48	10.54	28.136	1445.77	69.6500	10/5/2021	12:27:38 PM
2	639	34.578	28.064	-0.810	0.09	90.58	10.54	28.133	1445.93	68.7900	10/5/2021	12:27:40 PM
2	640	34.569	28.079	-0.784	0.07	90.73	10.55	28.121	1446.03	67.9400	10/5/2021	12:27:42 PM
2	641	34.572	28.091	-0.772	0.07	90.84	10.56	28.119	1446.08	67.0800	10/5/2021	12:27:44 PM
2	642	34.566	28.115	-0.738	0.07	91.02	10.57	28.108	1446.21	66.2500	10/5/2021	12:27:46 PM
2	643	34.559	28.131	-0.712	0.08	91.19	10.58	28.097	1446.31	65.3600	10/5/2021	12:27:48 PM
2	644	34.535	28.198	-0.611	0.08	91.27	10.56	28.069	1446.74	64.5000	10/5/2021	12:27:50 PM
2	645	34.540	28.258	-0.544	0.08	91.38	10.56	28.065	1447.04	63.6200	10/5/2021	12:27:52 PM
2	646	34.544	28.304	-0.493	0.08	91.26	10.53	28.062	1447.27	62.7600	10/5/2021	12:27:54 PM
2	647	34.533	28.311	-0.474	0.08	91.48	10.55	28.048	1447.33	61.8800	10/5/2021	12:27:56 PM
2	648	34.532	28.341	-0.438	0.08	91.67	10.56	28.042	1447.48	61.0300	10/5/2021	12:27:58 PM
2	649	34.514	28.459	-0.282	0.10	91.75	10.53	28.015	1448.17	60.1900	10/5/2021	12:28:00 PM
2	650	34.495	28.536	-0.174	0.08	91.88	10.52	27.991	1448.62	59.3300	10/5/2021	12:28:02 PM
2	651	34.489	28.600	-0.093	0.10	92.27	10.54	27.978	1448.98	58.4900	10/5/2021	12:28:04 PM
2	652	34.456	28.633	-0.024	0.09	92.34	10.53	27.943	1449.24	57.6400	10/5/2021	12:28:06 PM
2	653	34.442	28.772	0.152	0.08	92.78	10.53	27.918	1450.01	56.7700	10/5/2021	12:28:08 PM
2	654	34.357	29.031	0.533	0.10	93.08	10.47	27.823	1451.62	55.9000	10/5/2021	12:28:10 PM
2	655	34.287	29.364	0.987	0.09	93.39	10.39	27.734	1453.56	55.0300	10/5/2021	12:28:12 PM
2	656	34.248	29.658	1.367	0.11	93.92	10.35	27.672	1455.19	54.1700	10/5/2021	12:28:14 PM
2	657	34.253	29.803	1.532	0.11	94.96	10.42	27.660	1455.92	53.3300	10/5/2021	12:28:16 PM
2	658	34.209	29.841	1.617	0.11	95.85	10.50	27.614	1456.22	52.4900	10/5/2021	12:28:18 PM
2	659	34.181	29.912	1.726	0.12	96.98	10.60	27.580	1456.65	51.6200	10/5/2021	12:28:20 PM
2	660	34.163	29.997	1.842	0.12	97.30	10.60	27.552	1457.13	50.7600	10/5/2021	12:28:22 PM
2	661	34.138	30.063	1.942	0.15	98.37	10.69	27.521	1457.52	49.8900	10/5/2021	12:28:24 PM
2	662	34.144	30.123	2.007	0.14	97.87	10.62	27.516	1457.80	49.0400	10/5/2021	12:28:26 PM
2	663	34.105	30.138	2.061	0.12	97.89	10.61	27.477	1457.97	48.1800	10/5/2021	12:28:28 PM
2	664	34.108	30.239	2.176	0.12	98.02	10.59	27.466	1458.46	47.3200	10/5/2021	12:28:30 PM
2	665	34.094	30.271	2.226	0.13	98.52	10.64	27.447	1458.65	46.4600	10/5/2021	12:28:32 PM
2	666	34.076	30.280	2.254	0.13	98.62	10.64	27.426	1458.73	45.5900	10/5/2021	12:28:34 PM
2	667	34.074	30.301	2.281	0.13	98.40	10.61	27.418	1458.83	44.7200	10/5/2021	12:28:36 PM
2	668	34.063	30.319	2.312	0.14	98.44	10.61	27.403	1458.94	43.8600	10/5/2021	12:28:38 PM
2	669	34.030	30.417	2.457	0.13	98.49	10.58	27.360	1459.51	42.9700	10/5/2021	12:28:40 PM
2	670	34.019	30.521	2.589	0.13	99.23	10.62	27.336	1460.05	42.1300	10/5/2021	12:28:42 PM
2	671	33.997	30.552	2.646	0.14	99.60	10.65	27.309	1460.26	41.3100	10/5/2021	12:28:44 PM
2	672	33.983	30.574	2.685	0.13	99.20	10.60	27.291	1460.39	40.4700	10/5/2021	12:28:46 PM
2	673	33.982	30.676	2.804	0.13	99.24	10.57	27.276	1460.89	39.6100	10/5/2021	12:28:48 PM
2	674	33.951	30.713	2.877	0.15	99.32	10.56	27.241	1461.15	38.7600	10/5/2021	12:28:50 PM
2	675	33.913	30.776	2.986	0.15	99.21	10.52	27.197	1461.55	37.9000	10/5/2021	12:28:52 PM
2	676	33.889	30.861	3.108	0.16	100.10	10.59	27.162	1462.03	37.0300	10/5/2021	12:28:54 PM
2	677	33.882	30.935	3.201	0.15	100.09	10.56	27.144	1462.40	36.1700	10/5/2021	12:28:56 PM
2	678	33.856	30.924	3.213	0.16	100.36	10.59	27.118	1462.41	35.3100	10/5/2021	12:28:58 PM
2	679	33.829	30.935	3.252	0.15	100.43	10.59	27.089	1462.52	34.4700	10/5/2021	12:29:00 PM
2	680	33.811	30.958	3.296	0.17	100.22	10.56	27.067	1462.67	33.7000	10/5/2021	12:29:02 PM
2	681	33.808	30.991	3.338	0.16	100.39	10.56	27.056	1462.83	32.8200	10/5/2021	12:29:04 PM
2	682	33.789	31.006	3.374	0.17	100.10	10.52	27.034	1462.95	31.9700	10/5/2021	12:29:06 PM
2	683	33.781	31.063	3.448	0.17	100.12	10.51	27.016	1463.24	31.0900	10/5/2021	12:29:08 PM
2	684	33.780	31.078	3.467	0.17	100.12	10.50	27.009	1463.30	30.2300	10/5/2021	12:29:10 PM
2	685	33.779	31.083	3.474	0.19	100.41	10.53	27.004	1463.32	29.3700	10/5/2021	12:29:12 PM
2	686	33.771	31.086	3.485	0.19	100.33	10.52	26.993	1463.34	28.5100	10/5/2021	12:29:14 PM
2	687	33.769	31.089	3.491	0.17	100.39	10.53	26.987	1463.35	27.6800	10/5/2021	12:29:16 PM
2	688	33.764	31.087	3.494	0.19	100.12	10.50	26.979	1463.34	26.8300	10/5/2021	12:29:18 PM
2	689	33.750	31.102	3.525	0.18	100.46	10.53	26.960	1463.44	25.9400	10/5/2021	12:29:20 PM
2	690	33.709	31.145	3.615	0.20	100.57	10.52	26.915	1463.75	25.1000	10/5/2021	12:29:22 PM
2	691	33.682	31.150	3.647	0.19	100.68	10.52	26.886	1463.84	24.2400	10/5/2021	12:29:24 PM
2	692	33.644	31.169	3.707	0.20	100.74	10.52	26.846	1464.03	23.3700	10/5/2021	12:29:26 PM
2	693	33.620	31.189	3.753	0.21	100.76	10.51	26.819	1464.18	22.5400	10/5/2021	12:29:28 PM
2	694	33.581	31.200	3.804	0.22	100.80	10.50	26.779	1464.33	21.7300	10/5/2021	12:29:30 PM
2	695	33.496	31.200	3.888	0.24	100.86	10.49	26.698	1464.55	20.8700	10/5/2021	12:29:32 PM
2	696	33.437	31.193	3.938	0.25	101.04	10.50	26.642	1464.67	20.0500	10/5/2021	12:29:34 PM
2	697	33.391	31.189	3.978	0.26	101.33	10.53	26.599	1464.77	19.1900	10/5/2021	12:29:36 PM
2	698	33.345	31.212	4.051	0.28	101.34	10.51	26.550	1465.00	18.3300	10/5/2021	12:29:38 PM
2	699	33.312	31.246	4.123	0.38	101.00	10.46	26.513	1465.24	17.4600	10/5/2021	12:29:40 PM
2	700	33.203	31.140	4.108	0.34	101.48	10.52	26.423	1465.03	16.6100	10/5/2021	12:29:42 PM
2	701	32.873	30.749	3.977	0.39	101.30	10.56	26.171	1464.04	15.7400	10/5/2021	12:29:44 PM
2	702	32.856	30.714	3.953	0.49	101.23	10.56	26.156	1463.91	14.9000	10/5/2021	12:29:46 PM
2	703	32.853	30.708	3.950	0.42	101.02	10.54	26.149	1463.87	14.0300	10/5/2021	12:29:48 PM
2	704	32.859	30.713	3.950	0.45	100.74	10.51	26.150	1463.87	13.1700	10/5/2021	12:29:50 PM
2	705	32.855	30.708	3.949	0.43	100.60	10.50	26.143	1463.85	12.3300	10/5/2021	12:29:52 PM
2	706	32.850	30.702	3.947	0.42	100.59	10.50	26.135	1463.82	11.4600	10/5/2021	12:29:54 PM
2	707	32.854	30.696	3.936	0.46	100.39	10.48	26.136	1463.76	10.6100	10/5/2021	12:29:56 PM
2	708	32.839	30.678	3.931	0.47	100.22	10.46	26.120	1463.71	9.7500	10/5/2021	12:29:58 PM
2	709	32.826	30.660	3.923	0.46	100.29	10.47	26.106	1463.64	8.9100	10/5/2021	12:30:00 PM
2	710	32.809	30.636	3.912	0.45	100.20	10.47	26.090	1463.56	8.0500	10/5/2021	12:30:02 PM
2	711	32.803	30.629	3.910	0.47	100.19	10.47	26.081	1463.53	7.2300	10/5/2021	12:30:04 PM
2	712	32.801	30.626	3.909	0.44	100.18	10.47	26.076	1463.51	6.3500	10/5/2021	12:30:06 PM
2	713	32.814	30.634	3.906	0.45	100.13	10.46	26.083	1463.50	5.5300	10/5/2021	12:30:08 PM
2	714	32.812	30.649	3.926	0.43	100.00	10.44	26.076	1463.57	4.7800	10/5/2021	12:30:10 PM
2	715	32.787	30.648	3.950	0.43	100.12	10.45	26.050	1463.63	4.1000	10/5/2021	12:30:12 PM
2	716	32.787	30.605	3.900	0.45	100.18	10.47	26.052	1463.41	3.4300	10/5/2021	12:30:14 PM
2	717	32.793	30.605	3.894	0.47	100.04	10.46	26.054	1463.38	2.8200	10/5/2021	12:30:16 PM
2	718	32.792	30.602	3.892	0.54	100.04	10.46	26.051	1463.36	2.1900	10/5/2021	12:30:18 PM
2	719	32.792	30.603	3.893	0.40	100.22	10.47	26.048	1463.35	1.5800	10/5/2021	12:30:20 PM
2	720	32.789	30.598	3.891	0.43	100.02	10.45	26.043	1463.33	0.9800	10/5/2021	12:30:22 PM
2	721	32.771	30.583	3.891	0.41	100.08	10.46	26.026	1463.30	0.3200	10/5/2021	12:30:24 PM
2	722	32.481	30.320	3.870	2.42	99.91	10.47	25.795	1462.83	0.0000	10/5/2021	12:30:26 PM
2	723	0.000	0.000	3.784	0.81	99.94	13.07	-0.025	1420.63	0.0000	10/5/2021	12:30:28 PM
2	724	0.000	0.000	3.441	0.08	99.57	13.14	-0.027	1419.05	0.0000	10/5/2021	12:30:30 PM
2	725	0.000	0.000	3.152	0.09	99.47	13.23	-0.031	1417.70	0.0000	10/5/2021	12:30:32 PM
2	726	0.000	0.000	2.921	0.08	98.97	13.24	-0.034	1416.61	0.0000	10/5/2021	12:30:34 PM
2	727	0.000	0.000	2.766	0.08	99.10	13.32	-0.037	1415.88	0.0000	10/5/2021	12:30:36 PM
2	728	0.000	0.000	2.607	0.09	98.79	13.33	-0.040	1415.13	0.0000	10/5/2021	12:30:38 PM
2	729	0.000	0.000	2.535	0.09	98.71	13.35	-0.042	1414.79	0.0000	10/5/2021	12:30:40 PM
2	730	0.000	0.000	2.464	0.09	98.78	13.38	-0.044	1414.45	0.0000	10/5/2021	12:30:42 PM
2	731	0.000	0.000	2.465	0.09	98.63	13.36	-0.044	1414.46	0.0000	10/5/2021	12:30:44 PM
2	732	0.000	0.000	2.525	0.09	98.91	13.38	-0.042	1414.74	0.0000	10/5/2021	12:30:46 PM
2	733	0.000	0.000	2.569	0.09	98.82	13.35	-0.041	1414.95	0.0000	10/5/2021	12:30:48 PM
2	734	0.000	0.000	2.606	0.09	98.87	13.34	-0.040	1415.13	0.0000	10/5/2021	12:30:50 PM
2	735	0.000	0.000	2.637	0.08	98.83	13.33	-0.040	1415.27	0.0000	10/5/2021	12:30:52 PM
2	736	0.000	0.000	2.662	0.09	98.97	13.34	-0.039	1415.39	0.0000	10/5/2021	12:30:54 PM
2	737	0.000	0.000	2.674	0.09	98.99	13.34	-0.039	1415.45	0.0000	10/5/2021	12:30:56 PM
