From file: AB332_2021	Instrument no.:	1320
Ser	Interval (sec)	Integration	Air pressure	Salinity	Chart Datum (dbar)	
3	2		990.05	
Ser	Meas	Sal.	Cond.	Temp	F (µg/l)	OpOx %	Opmg/l	Density	S. vel.	Press	Date	Time
3	738	0.000	0.000	7.376	0.12	96.32	11.32	-0.114	1436.51	0.0000	10/6/2021	7:58:36 AM
3	739	0.000	0.000	7.276	0.12	96.24	11.33	-0.109	1436.09	0.0000	10/6/2021	7:58:38 AM
3	740	0.000	0.000	7.220	0.12	96.74	11.41	-0.106	1435.85	0.0000	10/6/2021	7:58:40 AM
3	741	0.000	0.000	7.208	0.12	96.78	11.42	-0.106	1435.80	0.0000	10/6/2021	7:58:42 AM
3	742	0.000	0.000	7.219	0.11	96.82	11.42	-0.106	1435.85	0.0000	10/6/2021	7:58:44 AM
3	743	0.000	0.000	7.217	0.65	96.73	11.41	-0.106	1435.84	0.0000	10/6/2021	7:58:46 AM
3	744	0.000	0.000	7.197	0.12	97.03	11.45	-0.105	1435.75	0.0000	10/6/2021	7:58:48 AM
3	745	0.000	0.000	7.172	0.12	96.78	11.43	-0.104	1435.65	0.0000	10/6/2021	7:58:50 AM
3	746	0.000	0.000	7.132	0.11	97.11	11.48	-0.102	1435.48	0.0000	10/6/2021	7:58:52 AM
3	747	0.000	0.000	7.092	0.12	97.43	11.53	-0.100	1435.31	0.0000	10/6/2021	7:58:54 AM
3	748	0.000	0.000	7.022	0.11	97.69	11.58	-0.097	1435.01	0.0000	10/6/2021	7:58:56 AM
3	749	0.000	0.000	6.948	0.11	97.56	11.58	-0.093	1434.69	0.0000	10/6/2021	7:58:58 AM
3	750	0.000	0.000	6.932	0.11	97.75	11.61	-0.093	1434.62	0.0000	10/6/2021	7:59:00 AM
3	751	0.000	0.000	6.912	0.11	97.86	11.63	-0.092	1434.54	0.0000	10/6/2021	7:59:02 AM
3	752	0.000	0.000	6.871	0.12	98.01	11.66	-0.090	1434.36	0.0000	10/6/2021	7:59:04 AM
3	753	0.000	0.000	6.834	0.11	97.87	11.65	-0.088	1434.20	0.0000	10/6/2021	7:59:06 AM
3	754	0.000	0.000	6.810	0.11	98.07	11.69	-0.087	1434.10	0.0000	10/6/2021	7:59:08 AM
3	755	0.000	0.000	6.678	0.11	98.37	11.76	-0.082	1433.53	0.0000	10/6/2021	7:59:10 AM
3	756	0.000	0.000	6.543	0.11	98.39	11.80	-0.076	1432.95	0.0000	10/6/2021	7:59:12 AM
3	757	0.000	0.000	6.433	0.11	98.39	11.83	-0.072	1432.47	0.0000	10/6/2021	7:59:14 AM
3	758	0.000	0.000	6.421	0.11	98.50	11.85	-0.071	1432.42	0.0000	10/6/2021	7:59:16 AM
3	759	0.000	0.000	6.388	0.13	101.33	12.20	-0.070	1432.28	0.0000	10/6/2021	7:59:18 AM
3	760	0.000	0.000	6.340	0.15	102.29	12.33	-0.068	1432.07	0.0000	10/6/2021	7:59:20 AM
3	761	33.243	31.550	4.553	0.18	102.57	10.36	26.333	1466.66	0.2800	10/6/2021	7:59:22 AM
3	762	33.604	31.424	4.052	0.15	102.25	10.43	26.673	1465.05	0.6300	10/6/2021	7:59:24 AM
3	763	33.551	31.325	3.989	0.16	102.59	10.48	26.639	1464.72	0.7800	10/6/2021	7:59:26 AM
3	764	33.590	31.346	3.975	0.15	102.66	10.49	26.671	1464.71	0.8100	10/6/2021	7:59:28 AM
3	765	33.524	31.286	3.970	0.19	101.91	10.42	26.619	1464.61	0.8100	10/6/2021	7:59:30 AM
3	766	33.412	31.190	3.969	0.16	101.84	10.42	26.530	1464.46	0.8100	10/6/2021	7:59:32 AM
3	767	33.338	31.122	3.962	0.17	101.64	10.41	26.472	1464.33	0.8600	10/6/2021	7:59:34 AM
3	768	33.519	31.272	3.959	0.16	101.55	10.38	26.616	1464.56	0.8500	10/6/2021	7:59:36 AM
3	769	33.553	31.301	3.959	0.16	101.66	10.39	26.644	1464.60	0.8500	10/6/2021	7:59:38 AM
3	770	33.542	31.285	3.952	0.15	101.55	10.38	26.635	1464.55	0.8200	10/6/2021	7:59:40 AM
3	771	33.505	31.253	3.951	0.16	101.21	10.35	26.606	1464.50	0.8300	10/6/2021	7:59:42 AM
3	772	33.459	31.213	3.949	0.15	101.42	10.38	26.570	1464.44	0.8200	10/6/2021	7:59:44 AM
3	773	33.577	31.305	3.941	0.14	101.11	10.34	26.664	1464.55	0.8300	10/6/2021	7:59:46 AM
3	774	33.570	31.300	3.942	0.15	100.91	10.32	26.658	1464.55	0.8600	10/6/2021	7:59:48 AM
3	775	33.569	31.302	3.945	0.18	100.98	10.33	26.657	1464.56	0.8200	10/6/2021	7:59:50 AM
3	776	33.567	31.300	3.945	0.16	100.87	10.32	26.656	1464.56	0.8700	10/6/2021	7:59:52 AM
3	777	33.555	31.290	3.945	0.15	100.80	10.31	26.646	1464.54	0.8900	10/6/2021	7:59:54 AM
3	778	33.586	31.309	3.937	0.15	100.78	10.31	26.671	1464.55	0.8100	10/6/2021	7:59:56 AM
3	779	33.588	31.310	3.936	0.16	100.72	10.30	26.673	1464.54	0.7000	10/6/2021	7:59:58 AM
3	780	33.578	31.307	3.942	0.16	100.76	10.30	26.664	1464.56	0.6000	10/6/2021	8:00:00 AM
3	781	33.591	31.316	3.940	0.16	100.67	10.29	26.674	1464.56	0.5600	10/6/2021	8:00:02 AM
3	782	33.580	31.304	3.937	0.16	100.71	10.30	26.665	1464.53	0.3900	10/6/2021	8:00:04 AM
3	783	33.576	31.301	3.937	0.16	100.63	10.29	26.662	1464.53	0.3000	10/6/2021	8:00:06 AM
3	784	33.570	31.297	3.939	0.16	100.56	10.29	26.655	1464.53	0.1700	10/6/2021	8:00:08 AM
3	785	33.583	31.309	3.940	0.15	100.58	10.29	26.666	1464.55	0.2400	10/6/2021	8:00:10 AM
3	786	33.578	31.307	3.942	0.15	100.50	10.28	26.663	1464.55	0.2900	10/6/2021	8:00:12 AM
3	787	33.570	31.297	3.939	0.16	100.48	10.28	26.656	1464.53	0.2800	10/6/2021	8:00:14 AM
3	788	33.765	31.463	3.941	0.15	100.48	10.26	26.810	1464.79	0.2000	10/6/2021	8:00:16 AM
3	789	33.793	31.484	3.938	0.14	100.63	10.28	26.833	1464.81	0.2900	10/6/2021	8:00:18 AM
3	790	33.795	31.492	3.945	0.17	100.45	10.26	26.836	1464.85	0.7300	10/6/2021	8:00:20 AM
3	791	33.806	31.500	3.943	0.16	100.60	10.27	26.847	1464.86	1.0900	10/6/2021	8:00:22 AM
3	792	33.802	31.498	3.944	0.16	100.51	10.26	26.846	1464.87	1.4900	10/6/2021	8:00:24 AM
3	793	33.794	31.491	3.944	0.18	100.47	10.26	26.841	1464.86	1.8400	10/6/2021	8:00:26 AM
3	794	33.808	31.504	3.945	0.14	100.52	10.26	26.854	1464.89	2.1000	10/6/2021	8:00:28 AM
3	795	33.809	31.501	3.941	0.16	100.56	10.27	26.855	1464.88	2.3000	10/6/2021	8:00:30 AM
3	796	33.803	31.496	3.941	0.15	100.40	10.25	26.852	1464.87	2.5400	10/6/2021	8:00:32 AM
3	797	33.802	31.497	3.943	0.16	100.26	10.24	26.851	1464.88	2.6800	10/6/2021	8:00:34 AM
3	798	33.810	31.509	3.949	0.16	100.38	10.25	26.858	1464.92	2.9500	10/6/2021	8:00:36 AM
3	799	33.818	31.516	3.949	0.17	100.40	10.25	26.866	1464.94	3.1800	10/6/2021	8:00:38 AM
3	800	33.814	31.510	3.946	0.17	100.39	10.25	26.864	1464.92	3.3300	10/6/2021	8:00:40 AM
3	801	33.810	31.507	3.946	0.18	100.41	10.25	26.862	1464.92	3.5700	10/6/2021	8:00:42 AM
3	802	33.816	31.515	3.949	0.15	100.30	10.24	26.868	1464.95	3.8700	10/6/2021	8:00:44 AM
3	803	33.823	31.519	3.947	0.17	100.43	10.25	26.875	1464.95	4.1900	10/6/2021	8:00:46 AM
3	804	33.815	31.516	3.951	0.19	100.29	10.24	26.869	1464.96	4.4000	10/6/2021	8:00:48 AM
3	805	33.819	31.518	3.949	0.17	100.29	10.24	26.874	1464.96	4.7100	10/6/2021	8:00:50 AM
3	806	33.808	31.508	3.948	0.18	100.41	10.25	26.866	1464.95	4.9000	10/6/2021	8:00:52 AM
3	807	33.803	31.499	3.943	0.18	100.41	10.25	26.864	1464.92	5.2000	10/6/2021	8:00:54 AM
3	808	33.807	31.497	3.936	0.17	100.27	10.24	26.870	1464.91	5.5000	10/6/2021	8:00:56 AM
3	809	33.805	31.495	3.936	0.17	100.27	10.24	26.869	1464.91	5.7700	10/6/2021	8:00:58 AM
3	810	33.823	31.511	3.937	0.17	100.27	10.24	26.885	1464.94	6.1000	10/6/2021	8:01:00 AM
3	811	33.830	31.519	3.939	0.17	100.27	10.24	26.892	1464.96	6.4200	10/6/2021	8:01:02 AM
3	812	33.834	31.522	3.938	0.16	100.24	10.23	26.897	1464.97	6.7400	10/6/2021	8:01:04 AM
3	813	33.833	31.522	3.939	0.16	100.22	10.23	26.897	1464.98	7.0800	10/6/2021	8:01:06 AM
3	814	33.835	31.523	3.938	0.16	100.16	10.23	26.901	1464.98	7.4200	10/6/2021	8:01:08 AM
3	815	33.838	31.524	3.936	0.15	100.22	10.23	26.905	1464.98	7.7600	10/6/2021	8:01:10 AM
3	816	33.829	31.520	3.940	0.16	100.19	10.23	26.899	1464.99	8.1700	10/6/2021	8:01:12 AM
3	817	33.835	31.524	3.939	0.18	100.26	10.24	26.905	1465.00	8.4900	10/6/2021	8:01:14 AM
3	818	33.831	31.524	3.942	0.18	100.26	10.24	26.905	1465.02	9.0100	10/6/2021	8:01:16 AM
3	819	33.833	31.523	3.939	0.16	100.21	10.23	26.909	1465.02	9.5500	10/6/2021	8:01:18 AM
3	820	33.827	31.520	3.941	0.20	100.19	10.23	26.906	1465.03	10.0300	10/6/2021	8:01:20 AM
3	821	33.835	31.527	3.941	0.16	100.21	10.23	26.915	1465.04	10.4900	10/6/2021	8:01:22 AM
3	822	33.830	31.522	3.940	0.16	100.19	10.23	26.914	1465.04	11.1500	10/6/2021	8:01:24 AM
3	823	33.833	31.524	3.939	0.15	100.18	10.23	26.919	1465.05	11.7600	10/6/2021	8:01:26 AM
3	824	33.837	31.528	3.940	0.16	100.16	10.23	26.924	1465.07	12.2100	10/6/2021	8:01:28 AM
3	825	33.842	31.531	3.938	0.19	100.19	10.23	26.930	1465.08	12.6200	10/6/2021	8:01:30 AM
3	826	33.841	31.533	3.941	0.15	100.23	10.23	26.931	1465.09	13.0100	10/6/2021	8:01:32 AM
3	827	33.833	31.528	3.943	0.16	100.24	10.23	26.927	1465.10	13.6600	10/6/2021	8:01:34 AM
3	828	33.841	31.536	3.944	0.16	100.14	10.22	26.935	1465.12	13.9600	10/6/2021	8:01:36 AM
3	829	33.848	31.548	3.951	0.16	100.27	10.23	26.942	1465.17	14.5400	10/6/2021	8:01:38 AM
3	830	33.857	31.564	3.960	0.25	100.37	10.24	26.952	1465.23	15.1300	10/6/2021	8:01:40 AM
3	831	33.873	31.581	3.964	0.16	100.41	10.24	26.966	1465.27	15.6900	10/6/2021	8:01:42 AM
3	832	33.873	31.583	3.966	0.15	100.42	10.24	26.969	1465.29	16.2800	10/6/2021	8:01:44 AM
3	833	33.875	31.585	3.966	0.17	100.37	10.24	26.973	1465.30	16.8800	10/6/2021	8:01:46 AM
3	834	33.876	31.590	3.970	0.21	100.50	10.25	26.977	1465.33	17.4700	10/6/2021	8:01:48 AM
3	835	33.881	31.595	3.971	0.16	100.47	10.25	26.982	1465.35	17.8500	10/6/2021	8:01:50 AM
3	836	33.886	31.602	3.974	0.16	100.39	10.24	26.989	1465.38	18.4700	10/6/2021	8:01:52 AM
3	837	33.891	31.608	3.976	0.17	100.31	10.23	26.995	1465.40	19.1200	10/6/2021	8:01:54 AM
3	838	33.899	31.616	3.977	0.15	100.28	10.22	27.004	1465.42	19.5000	10/6/2021	8:01:56 AM
3	839	33.890	31.613	3.982	0.19	100.33	10.23	26.999	1465.44	20.0600	10/6/2021	8:01:58 AM
3	840	33.902	31.633	3.993	0.17	100.15	10.21	27.009	1465.51	20.4600	10/6/2021	8:02:00 AM
3	841	33.911	31.649	4.002	0.18	100.08	10.20	27.018	1465.57	21.0300	10/6/2021	8:02:02 AM
3	842	33.910	31.644	3.997	0.17	100.08	10.20	27.020	1465.56	21.5400	10/6/2021	8:02:04 AM
3	843	33.914	31.647	3.997	0.17	100.14	10.20	27.025	1465.57	22.0600	10/6/2021	8:02:06 AM
3	844	33.916	31.650	3.998	0.17	100.33	10.22	27.029	1465.58	22.4200	10/6/2021	8:02:08 AM
3	845	33.911	31.650	4.002	0.15	100.43	10.23	27.027	1465.60	22.9700	10/6/2021	8:02:10 AM
3	846	33.913	31.650	4.000	0.15	100.29	10.22	27.031	1465.60	23.4600	10/6/2021	8:02:12 AM
3	847	33.917	31.645	3.990	0.17	100.14	10.21	27.038	1465.57	23.9100	10/6/2021	8:02:14 AM
3	848	33.910	31.626	3.975	0.17	100.17	10.21	27.036	1465.51	24.4000	10/6/2021	8:02:16 AM
3	849	33.910	31.620	3.968	0.16	100.37	10.23	27.038	1465.49	24.7400	10/6/2021	8:02:18 AM
3	850	33.912	31.620	3.966	0.14	100.68	10.27	27.042	1465.49	25.1600	10/6/2021	8:02:20 AM
3	851	33.917	31.621	3.962	0.16	100.56	10.26	27.049	1465.49	25.7300	10/6/2021	8:02:22 AM
3	852	33.917	31.612	3.951	0.16	100.42	10.24	27.053	1465.45	26.3600	10/6/2021	8:02:24 AM
3	853	33.937	31.620	3.941	0.15	100.43	10.25	27.072	1465.44	26.8800	10/6/2021	8:02:26 AM
3	854	33.942	31.630	3.947	0.14	100.38	10.24	27.078	1465.48	27.4500	10/6/2021	8:02:28 AM
3	855	33.953	31.643	3.951	0.14	100.50	10.25	27.089	1465.52	27.9600	10/6/2021	8:02:30 AM
3	856	33.958	31.654	3.959	0.15	100.45	10.24	27.095	1465.57	28.5700	10/6/2021	8:02:32 AM
3	857	33.960	31.674	3.979	0.16	100.29	10.22	27.098	1465.67	29.3000	10/6/2021	8:02:34 AM
3	858	34.015	31.756	4.020	0.16	100.10	10.19	27.140	1465.92	29.9700	10/6/2021	8:02:36 AM
3	859	34.033	31.796	4.048	0.15	100.07	10.18	27.154	1466.07	30.5700	10/6/2021	8:02:38 AM
3	860	34.023	31.804	4.066	0.15	100.01	10.17	27.148	1466.15	31.3200	10/6/2021	8:02:40 AM
3	861	34.015	31.791	4.059	0.15	99.92	10.16	27.145	1466.12	31.8800	10/6/2021	8:02:42 AM
3	862	34.018	31.789	4.054	0.15	100.02	10.17	27.149	1466.10	32.0700	10/6/2021	8:02:44 AM
3	863	34.035	31.811	4.062	0.15	99.86	10.15	27.165	1466.17	32.7500	10/6/2021	8:02:46 AM
3	864	34.028	31.813	4.071	0.17	99.99	10.16	27.161	1466.21	33.4900	10/6/2021	8:02:48 AM
3	865	34.023	31.810	4.072	0.15	99.97	10.16	27.160	1466.22	34.0400	10/6/2021	8:02:50 AM
3	866	34.027	31.811	4.069	0.14	99.89	10.15	27.166	1466.22	34.6800	10/6/2021	8:02:52 AM
3	867	34.027	31.811	4.068	0.14	99.76	10.14	27.170	1466.23	35.2700	10/6/2021	8:02:54 AM
3	868	34.038	31.827	4.076	0.13	99.65	10.13	27.180	1466.28	35.9200	10/6/2021	8:02:56 AM
3	869	34.048	31.841	4.082	0.14	99.70	10.13	27.191	1466.33	36.5800	10/6/2021	8:02:58 AM
3	870	34.057	31.849	4.082	0.14	99.72	10.13	27.201	1466.35	37.1900	10/6/2021	8:03:00 AM
3	871	34.072	31.865	4.085	0.14	99.74	10.13	27.215	1466.40	37.7300	10/6/2021	8:03:02 AM
3	872	34.086	31.883	4.092	0.14	99.73	10.13	27.228	1466.45	38.3200	10/6/2021	8:03:04 AM
3	873	34.091	31.896	4.102	0.14	99.61	10.11	27.234	1466.51	38.9800	10/6/2021	8:03:06 AM
3	874	34.094	31.911	4.116	0.15	99.55	10.10	27.238	1466.58	39.7400	10/6/2021	8:03:08 AM
3	875	34.101	31.936	4.137	0.16	99.68	10.11	27.245	1466.69	40.3200	10/6/2021	8:03:10 AM
3	876	34.104	31.946	4.145	0.14	99.52	10.09	27.249	1466.74	40.9400	10/6/2021	8:03:12 AM
3	877	34.104	31.951	4.150	0.15	99.54	10.09	27.253	1466.77	41.7200	10/6/2021	8:03:14 AM
3	878	34.111	31.958	4.151	0.14	99.44	10.08	27.262	1466.80	42.5100	10/6/2021	8:03:16 AM
3	879	34.115	31.948	4.136	0.14	99.51	10.09	27.269	1466.75	43.2300	10/6/2021	8:03:18 AM
3	880	34.083	31.878	4.086	0.14	99.69	10.12	27.253	1466.51	43.8500	10/6/2021	8:03:20 AM
3	881	34.103	31.797	3.974	0.15	100.17	10.20	27.284	1466.09	44.6200	10/6/2021	8:03:22 AM
3	882	34.082	31.709	3.894	0.13	100.28	10.23	27.277	1465.73	45.1200	10/6/2021	8:03:24 AM
3	883	34.056	31.622	3.819	0.14	100.58	10.28	27.267	1465.39	45.7000	10/6/2021	8:03:26 AM
3	884	34.120	31.571	3.699	0.16	100.85	10.34	27.333	1464.98	46.4100	10/6/2021	8:03:28 AM
3	885	34.174	31.557	3.631	0.12	101.12	10.38	27.386	1464.78	47.0300	10/6/2021	8:03:30 AM
3	886	34.212	31.590	3.633	0.12	101.12	10.37	27.419	1464.85	47.7400	10/6/2021	8:03:32 AM
3	887	34.212	31.555	3.592	0.13	100.98	10.37	27.427	1464.69	48.4400	10/6/2021	8:03:34 AM
3	888	34.211	31.498	3.528	0.11	101.17	10.41	27.434	1464.42	48.9800	10/6/2021	8:03:36 AM
3	889	34.211	31.474	3.500	0.12	101.25	10.42	27.440	1464.31	49.5800	10/6/2021	8:03:38 AM
3	890	34.232	31.474	3.480	0.13	101.18	10.42	27.461	1464.27	50.1600	10/6/2021	8:03:40 AM
3	891	34.249	31.480	3.470	0.16	101.22	10.42	27.479	1464.26	50.8400	10/6/2021	8:03:42 AM
3	892	34.243	31.480	3.476	0.12	101.20	10.42	27.477	1464.29	51.5000	10/6/2021	8:03:44 AM
3	893	34.270	31.542	3.520	0.13	101.21	10.41	27.498	1464.52	52.2200	10/6/2021	8:03:46 AM
3	894	34.288	31.597	3.566	0.12	100.91	10.36	27.511	1464.75	53.0300	10/6/2021	8:03:48 AM
3	895	34.292	31.616	3.583	0.13	100.77	10.35	27.516	1464.84	53.7200	10/6/2021	8:03:50 AM
3	896	34.295	31.622	3.587	0.14	100.76	10.34	27.521	1464.87	54.5100	10/6/2021	8:03:52 AM
3	897	34.292	31.619	3.586	0.13	100.74	10.34	27.522	1464.87	55.2200	10/6/2021	8:03:54 AM
3	898	34.295	31.621	3.585	0.13	100.74	10.34	27.528	1464.88	55.8100	10/6/2021	8:03:56 AM
3	899	34.292	31.621	3.587	0.14	100.67	10.33	27.529	1464.90	56.5900	10/6/2021	8:03:58 AM
3	900	34.290	31.617	3.584	0.13	100.78	10.35	27.532	1464.90	57.4400	10/6/2021	8:04:00 AM
3	901	34.288	31.614	3.582	0.12	100.79	10.35	27.534	1464.90	58.1700	10/6/2021	8:04:02 AM
3	902	34.294	31.623	3.586	0.13	100.72	10.34	27.542	1464.94	59.0500	10/6/2021	8:04:04 AM
3	903	34.303	31.647	3.605	0.13	100.56	10.32	27.551	1465.05	59.9300	10/6/2021	8:04:06 AM
3	904	34.315	31.660	3.608	0.17	100.63	10.32	27.564	1465.09	60.7200	10/6/2021	8:04:08 AM
3	905	34.313	31.657	3.606	0.13	100.70	10.33	27.566	1465.09	61.4800	10/6/2021	8:04:10 AM
3	906	34.313	31.682	3.634	0.12	100.65	10.32	27.567	1465.22	62.3200	10/6/2021	8:04:12 AM
3	907	34.321	31.708	3.655	0.13	100.57	10.30	27.576	1465.33	63.2100	10/6/2021	8:04:14 AM
3	908	34.320	31.717	3.666	0.13	100.57	10.30	27.578	1465.39	63.9800	10/6/2021	8:04:16 AM
3	909	34.324	31.740	3.688	0.14	100.43	10.28	27.583	1465.50	65.0000	10/6/2021	8:04:18 AM
3	910	34.337	31.760	3.698	0.13	100.46	10.28	27.596	1465.57	65.6800	10/6/2021	8:04:20 AM
3	911	34.335	31.752	3.691	0.13	100.41	10.28	27.595	1465.54	65.6300	10/6/2021	8:04:22 AM
3	912	34.343	31.756	3.688	0.12	100.42	10.28	27.601	1465.54	65.6500	10/6/2021	8:04:24 AM
3	913	34.347	31.757	3.685	0.12	100.39	10.28	27.605	1465.53	65.6300	10/6/2021	8:04:26 AM
3	914	34.347	31.757	3.685	0.17	100.36	10.27	27.605	1465.53	65.6200	10/6/2021	8:04:28 AM
3	915	34.357	31.766	3.686	0.12	100.46	10.28	27.613	1465.55	65.6400	10/6/2021	8:04:30 AM
3	916	34.361	31.769	3.686	0.13	100.48	10.29	27.616	1465.55	65.6200	10/6/2021	8:04:32 AM
3	917	34.366	31.773	3.685	0.13	100.36	10.27	27.620	1465.56	65.6100	10/6/2021	8:04:34 AM
3	918	34.367	31.774	3.686	0.14	100.35	10.27	27.620	1465.56	65.6300	10/6/2021	8:04:36 AM
3	919	34.374	31.780	3.686	0.13	100.30	10.27	27.626	1465.57	65.6400	10/6/2021	8:04:38 AM
3	920	34.372	31.779	3.687	0.20	100.39	10.27	27.624	1465.57	65.6300	10/6/2021	8:04:40 AM
3	921	34.373	31.780	3.687	0.13	100.35	10.27	27.625	1465.57	65.6300	10/6/2021	8:04:42 AM
3	922	34.370	31.779	3.688	0.13	100.24	10.26	27.623	1465.57	65.6300	10/6/2021	8:04:44 AM
3	923	34.371	31.780	3.689	0.17	100.31	10.27	27.623	1465.58	65.6400	10/6/2021	8:04:46 AM
3	924	34.370	31.778	3.687	0.14	100.38	10.27	27.623	1465.57	65.6600	10/6/2021	8:04:48 AM
3	925	34.367	31.774	3.686	0.14	100.40	10.28	27.620	1465.56	65.6300	10/6/2021	8:04:50 AM
3	926	34.370	31.777	3.686	0.19	100.30	10.27	27.623	1465.57	65.6200	10/6/2021	8:04:52 AM
3	927	34.377	31.784	3.687	0.16	100.39	10.27	27.629	1465.58	65.6500	10/6/2021	8:04:54 AM
3	928	34.344	31.771	3.704	0.13	100.39	10.27	27.598	1465.60	65.0300	10/6/2021	8:04:56 AM
3	929	34.327	31.736	3.681	0.12	100.40	10.28	27.583	1465.47	64.2900	10/6/2021	8:04:58 AM
3	930	34.324	31.725	3.672	0.15	100.37	10.28	27.578	1465.41	63.5700	10/6/2021	8:05:00 AM
3	931	34.329	31.722	3.664	0.15	100.27	10.27	27.580	1465.37	62.8200	10/6/2021	8:05:02 AM
3	932	34.326	31.691	3.632	0.13	100.39	10.29	27.577	1465.22	62.0300	10/6/2021	8:05:04 AM
3	933	34.317	31.665	3.611	0.13	100.33	10.29	27.568	1465.11	61.2700	10/6/2021	8:05:06 AM
3	934	34.309	31.660	3.614	0.13	100.30	10.29	27.558	1465.10	60.5100	10/6/2021	8:05:08 AM
3	935	34.290	31.622	3.589	0.17	100.33	10.30	27.541	1464.96	59.6000	10/6/2021	8:05:10 AM
3	936	34.291	31.617	3.583	0.12	100.31	10.30	27.538	1464.92	58.7000	10/6/2021	8:05:12 AM
3	937	34.289	31.611	3.578	0.13	100.44	10.31	27.533	1464.88	57.8800	10/6/2021	8:05:14 AM
3	938	34.285	31.606	3.577	0.14	100.50	10.32	27.526	1464.86	57.0900	10/6/2021	8:05:16 AM
3	939	34.291	31.615	3.582	0.14	100.61	10.33	27.526	1464.87	56.1400	10/6/2021	8:05:18 AM
3	940	34.289	31.615	3.584	0.16	100.62	10.33	27.521	1464.86	55.2600	10/6/2021	8:05:20 AM
3	941	34.286	31.612	3.584	0.12	100.61	10.33	27.514	1464.85	54.4300	10/6/2021	8:05:22 AM
3	942	34.293	31.620	3.587	0.13	100.62	10.33	27.515	1464.85	53.4900	10/6/2021	8:05:24 AM
3	943	34.311	31.612	3.561	0.14	100.65	10.34	27.528	1464.75	52.5500	10/6/2021	8:05:26 AM
3	944	34.263	31.497	3.476	0.13	100.62	10.36	27.494	1464.31	51.6600	10/6/2021	8:05:28 AM
3	945	34.243	31.469	3.463	0.11	100.65	10.37	27.475	1464.22	50.7300	10/6/2021	8:05:30 AM
3	946	34.225	31.453	3.463	0.14	100.48	10.35	27.456	1464.18	49.8000	10/6/2021	8:05:32 AM
3	947	34.214	31.464	3.486	0.12	100.66	10.36	27.441	1464.25	48.8900	10/6/2021	8:05:34 AM
3	948	34.197	31.531	3.579	0.13	100.72	10.35	27.414	1464.60	47.9400	10/6/2021	8:05:36 AM
3	949	34.221	31.579	3.612	0.13	100.84	10.35	27.425	1464.76	46.9900	10/6/2021	8:05:38 AM
3	950	34.139	31.551	3.658	0.16	101.07	10.37	27.351	1464.83	46.0700	10/6/2021	8:05:40 AM
3	951	34.087	31.618	3.785	0.15	101.09	10.34	27.292	1465.28	45.1200	10/6/2021	8:05:42 AM
3	952	34.072	31.722	3.919	0.13	101.14	10.31	27.262	1465.81	44.1100	10/6/2021	8:05:44 AM
3	953	34.117	31.869	4.044	0.13	101.28	10.29	27.280	1466.37	43.1200	10/6/2021	8:05:46 AM
3	954	34.125	31.949	4.128	0.17	101.24	10.27	27.273	1466.71	42.1200	10/6/2021	8:05:48 AM
3	955	34.109	31.951	4.146	0.15	101.23	10.26	27.254	1466.75	41.0600	10/6/2021	8:05:50 AM
3	956	34.099	31.937	4.140	0.14	100.74	10.22	27.242	1466.70	40.0500	10/6/2021	8:05:52 AM
3	957	34.083	31.898	4.112	0.14	100.11	10.16	27.227	1466.54	39.1600	10/6/2021	8:05:54 AM
3	958	34.087	31.894	4.104	0.16	99.60	10.11	27.227	1466.50	38.0900	10/6/2021	8:05:56 AM
3	959	34.069	31.852	4.074	0.14	99.59	10.12	27.210	1466.33	37.0400	10/6/2021	8:05:58 AM
3	960	34.055	31.845	4.080	0.14	99.57	10.12	27.194	1466.32	36.0300	10/6/2021	8:06:00 AM
3	961	34.048	31.839	4.080	0.15	99.54	10.11	27.184	1466.30	35.0100	10/6/2021	8:06:02 AM
3	962	34.039	31.832	4.081	0.15	99.54	10.11	27.172	1466.27	33.9600	10/6/2021	8:06:04 AM
3	963	34.032	31.817	4.072	0.15	99.55	10.12	27.162	1466.21	32.9400	10/6/2021	8:06:06 AM
3	964	34.037	31.817	4.067	0.17	99.58	10.12	27.162	1466.18	31.9000	10/6/2021	8:06:08 AM
3	965	34.034	31.810	4.063	0.14	99.54	10.12	27.155	1466.14	30.8600	10/6/2021	8:06:10 AM
3	966	34.029	31.807	4.065	0.16	99.58	10.12	27.146	1466.13	29.8600	10/6/2021	8:06:12 AM
3	967	34.020	31.779	4.042	0.15	99.57	10.13	27.137	1466.00	28.8300	10/6/2021	8:06:14 AM
3	968	33.954	31.670	3.981	0.15	99.57	10.15	27.086	1465.65	27.7800	10/6/2021	8:06:16 AM
3	969	33.950	31.636	3.947	0.15	99.61	10.16	27.081	1465.48	26.7900	10/6/2021	8:06:18 AM
3	970	33.942	31.621	3.938	0.15	99.61	10.16	27.071	1465.42	25.7400	10/6/2021	8:06:20 AM
3	971	33.917	31.599	3.937	0.18	99.91	10.19	27.046	1465.36	24.6600	10/6/2021	8:06:22 AM
3	972	33.912	31.614	3.960	0.16	100.03	10.20	27.035	1465.44	23.6400	10/6/2021	8:06:24 AM
3	973	33.906	31.622	3.975	0.18	100.08	10.20	27.024	1465.48	22.6100	10/6/2021	8:06:26 AM
3	974	33.912	31.628	3.977	0.18	100.19	10.21	27.024	1465.47	21.5800	10/6/2021	8:06:28 AM
3	975	33.914	31.626	3.973	0.14	100.16	10.21	27.022	1465.45	20.7800	10/6/2021	8:06:30 AM
3	976	33.903	31.605	3.960	0.18	100.01	10.20	27.010	1465.36	19.6800	10/6/2021	8:06:32 AM
3	977	33.892	31.602	3.968	0.16	100.06	10.20	26.995	1465.36	18.6300	10/6/2021	8:06:34 AM
3	978	33.889	31.600	3.969	0.16	100.04	10.20	26.988	1465.35	17.5800	10/6/2021	8:06:36 AM
3	979	33.894	31.609	3.975	0.15	100.10	10.21	26.986	1465.36	16.5400	10/6/2021	8:06:38 AM
3	980	33.894	31.609	3.976	0.16	100.18	10.21	26.982	1465.35	15.8000	10/6/2021	8:06:40 AM
3	981	33.894	31.607	3.974	0.15	100.04	10.20	26.978	1465.33	14.8400	10/6/2021	8:06:42 AM
3	982	33.888	31.600	3.972	0.16	100.06	10.20	26.969	1465.30	13.7600	10/6/2021	8:06:44 AM
3	983	33.887	31.594	3.967	0.16	100.08	10.21	26.963	1465.26	12.6800	10/6/2021	8:06:46 AM
3	984	33.881	31.588	3.966	0.17	100.14	10.21	26.954	1465.23	11.6400	10/6/2021	8:06:48 AM
3	985	33.881	31.588	3.966	0.15	100.18	10.22	26.952	1465.22	11.1700	10/6/2021	8:06:50 AM
3	986	33.883	31.586	3.963	0.16	100.20	10.22	26.949	1465.19	10.3300	10/6/2021	8:06:52 AM
3	987	33.869	31.567	3.955	0.16	100.17	10.22	26.935	1465.13	9.4500	10/6/2021	8:06:54 AM
3	988	33.858	31.556	3.953	0.17	100.22	10.23	26.923	1465.09	8.5400	10/6/2021	8:06:56 AM
3	989	33.865	31.556	3.947	0.15	100.07	10.21	26.925	1465.06	7.6900	10/6/2021	8:06:58 AM
3	990	33.843	31.531	3.940	0.16	100.10	10.22	26.904	1464.99	6.8000	10/6/2021	8:07:00 AM
3	991	33.842	31.529	3.939	0.17	100.03	10.21	26.900	1464.97	6.1400	10/6/2021	8:07:02 AM
3	992	33.846	31.532	3.939	0.16	100.09	10.22	26.900	1464.97	5.4800	10/6/2021	8:07:04 AM
3	993	33.840	31.527	3.939	0.15	100.05	10.21	26.892	1464.95	4.6100	10/6/2021	8:07:06 AM
3	994	33.837	31.524	3.939	0.18	100.09	10.22	26.885	1464.93	3.7300	10/6/2021	8:07:08 AM
3	995	33.813	31.508	3.945	0.19	100.02	10.21	26.861	1464.91	2.8400	10/6/2021	8:07:10 AM
3	996	33.808	31.499	3.940	0.16	100.05	10.22	26.853	1464.87	2.0100	10/6/2021	8:07:12 AM
3	997	33.800	31.488	3.935	0.15	99.99	10.21	26.843	1464.82	0.9600	10/6/2021	8:07:14 AM
3	998	33.787	31.472	3.930	0.14	99.94	10.21	26.829	1464.77	0.1100	10/6/2021	8:07:16 AM
3	999	0.227	0.284	3.880	0.08	99.84	12.81	0.158	1421.38	0.0000	10/6/2021	8:07:18 AM
3	1000	0.000	0.000	3.785	0.08	99.47	12.81	-0.025	1420.64	0.0000	10/6/2021	8:07:20 AM
3	1001	0.000	0.000	3.612	0.08	99.05	12.82	-0.026	1419.84	0.0000	10/6/2021	8:07:22 AM
3	1002	0.000	0.000	3.407	0.08	98.72	12.84	-0.028	1418.89	0.0000	10/6/2021	8:07:24 AM
3	1003	0.000	0.000	3.255	0.08	98.62	12.88	-0.029	1418.18	0.0000	10/6/2021	8:07:26 AM
3	1004	0.000	0.000	3.115	0.08	98.25	12.88	-0.031	1417.52	0.0000	10/6/2021	8:07:28 AM
3	1005	0.000	0.000	3.059	0.08	98.10	12.88	-0.032	1417.26	0.0000	10/6/2021	8:07:30 AM
3	1006	0.000	0.000	3.058	0.08	98.08	12.88	-0.032	1417.26	0.0000	10/6/2021	8:07:32 AM
3	1007	0.000	0.000	3.089	0.08	97.98	12.85	-0.031	1417.40	0.0000	10/6/2021	8:07:34 AM
3	1008	0.000	0.000	3.129	0.08	97.95	12.84	-0.031	1417.59	0.0000	10/6/2021	8:07:36 AM
3	1009	0.000	0.000	3.165	0.08	97.93	12.82	-0.030	1417.76	0.0000	10/6/2021	8:07:38 AM
3	1010	0.000	0.000	3.195	0.08	97.87	12.80	-0.030	1417.90	0.0000	10/6/2021	8:07:40 AM
3	1011	0.000	0.000	3.234	0.08	97.84	12.79	-0.030	1418.08	0.0000	10/6/2021	8:07:42 AM
3	1012	0.000	0.000	3.276	0.08	97.83	12.77	-0.029	1418.28	0.0000	10/6/2021	8:07:44 AM
3	1013	0.000	0.000	3.314	0.08	97.86	12.76	-0.029	1418.46	0.0000	10/6/2021	8:07:46 AM
3	1014	0.000	0.000	3.298	0.08	97.62	12.74	-0.029	1418.38	0.0000	10/6/2021	8:07:48 AM
3	1015	0.000	0.000	3.174	0.08	97.74	12.79	-0.030	1417.80	0.0000	10/6/2021	8:07:50 AM
3	1016	0.000	0.000	3.073	0.08	97.74	12.83	-0.032	1417.33	0.0000	10/6/2021	8:07:52 AM
3	1017	0.000	0.000	2.977	0.08	97.56	12.84	-0.033	1416.88	0.0000	10/6/2021	8:07:54 AM
3	1018	0.000	0.000	2.910	0.08	97.61	12.87	-0.034	1416.56	0.0000	10/6/2021	8:07:56 AM
3	1019	0.000	0.000	2.883	0.08	97.58	12.87	-0.035	1416.44	0.0000	10/6/2021	8:07:58 AM
3	1020	0.000	0.000	2.854	0.08	97.39	12.86	-0.035	1416.30	0.0000	10/6/2021	8:08:00 AM
3	1021	0.000	0.000	2.807	0.08	97.38	12.87	-0.036	1416.08	0.0000	10/6/2021	8:08:02 AM
3	1022	0.000	0.000	2.764	0.08	97.47	12.90	-0.037	1415.87	0.0000	10/6/2021	8:08:04 AM
3	1023	0.000	0.000	2.749	0.08	97.49	12.91	-0.037	1415.80	0.0000	10/6/2021	8:08:06 AM
3	1024	0.000	0.000	2.734	0.08	97.70	12.94	-0.038	1415.73	0.0000	10/6/2021	8:08:08 AM
3	1025	0.000	0.000	2.724	0.08	97.65	12.94	-0.038	1415.68	0.0000	10/6/2021	8:08:10 AM
3	1026	0.000	0.000	2.729	0.09	97.60	12.93	-0.038	1415.71	0.0000	10/6/2021	8:08:12 AM
3	1027	0.000	0.000	2.747	0.09	97.46	12.90	-0.037	1415.79	0.0000	10/6/2021	8:08:14 AM
3	1028	0.000	0.000	2.807	0.16	98.83	13.06	-0.036	1416.08	0.0000	10/6/2021	8:08:16 AM
3	1029	33.839	31.411	3.809	0.16	99.35	10.18	26.884	1464.33	0.3300	10/6/2021	8:08:18 AM
3	1030	33.809	31.484	3.922	0.16	99.54	10.17	26.849	1464.77	0.4000	10/6/2021	8:08:20 AM
3	1031	33.793	31.481	3.934	0.19	99.70	10.18	26.835	1464.80	0.5300	10/6/2021	8:08:22 AM
3	1032	33.812	31.497	3.934	0.17	99.83	10.19	26.851	1464.83	0.6800	10/6/2021	8:08:24 AM
3	1033	33.783	31.480	3.942	0.16	100.09	10.22	26.831	1464.83	1.4300	10/6/2021	8:08:26 AM
3	1034	33.801	31.493	3.939	0.15	100.22	10.23	26.848	1464.85	1.9600	10/6/2021	8:08:28 AM
3	1035	33.805	31.494	3.937	0.16	99.91	10.20	26.852	1464.85	2.3000	10/6/2021	8:08:30 AM
3	1036	33.815	31.503	3.937	0.16	99.89	10.20	26.863	1464.88	2.7500	10/6/2021	8:08:32 AM
3	1037	33.809	31.502	3.941	0.15	99.98	10.21	26.860	1464.89	3.0900	10/6/2021	8:08:34 AM
3	1038	33.813	31.507	3.943	0.15	100.04	10.21	26.864	1464.91	3.5100	10/6/2021	8:08:36 AM
3	1039	33.814	31.509	3.944	0.15	100.01	10.21	26.866	1464.92	3.6600	10/6/2021	8:08:38 AM
3	1040	33.821	31.511	3.940	0.16	100.10	10.22	26.869	1464.90	3.1400	10/6/2021	8:08:40 AM
3	1041	33.826	31.512	3.937	0.15	99.95	10.21	26.871	1464.89	2.7600	10/6/2021	8:08:42 AM
3	1042	33.829	31.513	3.935	0.15	100.01	10.21	26.872	1464.88	2.2100	10/6/2021	8:08:44 AM
3	1043	33.833	31.517	3.936	0.16	99.98	10.21	26.874	1464.88	2.1400	10/6/2021	8:08:46 AM
3	1044	33.826	31.511	3.936	0.17	99.99	10.21	26.867	1464.87	1.6700	10/6/2021	8:08:48 AM
3	1045	33.798	31.487	3.936	0.15	99.98	10.21	26.841	1464.82	0.9600	10/6/2021	8:08:50 AM
3	1046	33.775	31.469	3.938	0.16	99.90	10.20	26.819	1464.79	0.2800	10/6/2021	8:08:52 AM
3	1047	0.734	0.879	3.940	0.18	99.87	12.75	0.566	1422.33	0.0000	10/6/2021	8:08:54 AM
3	1048	0.000	0.000	3.853	0.08	99.74	12.82	-0.025	1420.95	0.0000	10/6/2021	8:08:56 AM
3	1049	0.000	0.000	3.751	0.08	99.30	12.80	-0.025	1420.48	0.0000	10/6/2021	8:08:58 AM
3	1050	0.000	0.000	3.658	0.08	99.10	12.81	-0.026	1420.05	0.0000	10/6/2021	8:09:00 AM
3	1051	0.000	0.000	3.545	0.08	98.92	12.82	-0.027	1419.53	0.0000	10/6/2021	8:09:02 AM
3	1052	0.000	0.000	3.431	0.08	98.80	12.84	-0.027	1419.00	0.0000	10/6/2021	8:09:04 AM
3	1053	0.000	0.000	3.375	0.09	98.74	12.86	-0.028	1418.74	0.0000	10/6/2021	8:09:06 AM
3	1054	0.000	0.000	3.324	0.08	98.64	12.86	-0.029	1418.50	0.0000	10/6/2021	8:09:08 AM
3	1055	0.000	0.000	3.325	0.17	99.34	12.95	-0.029	1418.51	0.0000	10/6/2021	8:09:10 AM
3	1056	28.981	27.258	3.758	0.16	99.70	10.56	23.023	1457.85	0.0600	10/6/2021	8:09:12 AM
3	1057	33.575	31.324	3.965	0.19	99.76	10.20	26.658	1464.64	0.4000	10/6/2021	8:09:14 AM
3	1058	33.322	31.126	3.982	0.17	99.76	10.21	26.457	1464.40	0.7600	10/6/2021	8:09:16 AM
3	1059	33.620	31.369	3.973	0.18	99.95	10.21	26.696	1464.75	1.1200	10/6/2021	8:09:18 AM
3	1060	33.270	31.076	3.975	0.18	99.92	10.23	26.416	1464.30	0.7600	10/6/2021	8:09:20 AM
3	1061	33.249	31.066	3.985	0.21	99.97	10.24	26.395	1464.30	0.0000	10/6/2021	8:09:22 AM
3	1062	0.113	0.145	3.918	0.08	99.76	12.79	0.066	1421.40	0.0000	10/6/2021	8:09:24 AM
3	1063	0.000	0.000	3.771	0.08	99.62	12.84	-0.025	1420.57	0.0000	10/6/2021	8:09:26 AM
3	1064	0.000	0.000	3.555	0.08	99.20	12.85	-0.027	1419.58	0.0000	10/6/2021	8:09:28 AM
3	1065	0.000	0.000	3.375	0.08	98.74	12.86	-0.028	1418.74	0.0000	10/6/2021	8:09:30 AM
3	1066	0.000	0.000	3.214	0.08	98.29	12.85	-0.030	1417.99	0.0000	10/6/2021	8:09:32 AM
3	1067	0.000	0.000	3.128	0.08	97.82	12.82	-0.031	1417.59	0.0000	10/6/2021	8:09:34 AM
3	1068	0.000	0.000	3.113	0.09	97.75	12.82	-0.031	1417.52	0.0000	10/6/2021	8:09:36 AM
3	1069	0.000	0.000	3.115	0.09	97.87	12.83	-0.031	1417.52	0.0000	10/6/2021	8:09:38 AM
3	1070	0.000	0.000	3.165	0.09	97.77	12.80	-0.030	1417.76	0.0000	10/6/2021	8:09:40 AM
3	1071	0.000	0.000	3.189	0.09	97.81	12.80	-0.030	1417.87	0.0000	10/6/2021	8:09:42 AM
3	1072	0.000	0.000	3.226	0.08	97.72	12.77	-0.030	1418.04	0.0000	10/6/2021	8:09:44 AM
3	1073	0.000	0.000	3.226	0.08	97.69	12.77	-0.030	1418.04	0.0000	10/6/2021	8:09:46 AM
