From file: IsG_07okt21	Instrument no.:	1320
Ser	Interval (sec)	Integration	Air pressure	Salinity	Chart Datum (dbar)	
1	2		986.27	
Ser	Meas	Sal.	Cond.	Temp	F (µg/l)	OpOx %	Opmg/l	Density	S. vel.	Press	Date	Time
1	1	0.000	0.000	4.407	0.14	101.76	12.84	-0.026	1423.49	0.0000	10/7/2021	7:42:10 AM
1	2	0.000	0.000	4.347	0.14	101.81	12.87	-0.026	1423.21	0.0000	10/7/2021	7:42:12 AM
1	3	0.000	0.000	4.370	0.14	101.76	12.86	-0.026	1423.32	0.0000	10/7/2021	7:42:14 AM
1	4	0.000	0.000	4.374	0.14	102.29	12.92	-0.026	1423.34	0.0000	10/7/2021	7:42:16 AM
1	5	0.000	0.000	4.396	0.14	102.13	12.89	-0.026	1423.44	0.0000	10/7/2021	7:42:18 AM
1	6	0.000	0.000	4.425	0.14	102.15	12.89	-0.027	1423.57	0.0000	10/7/2021	7:42:20 AM
1	7	0.000	0.000	4.449	0.14	102.53	12.93	-0.027	1423.68	0.0000	10/7/2021	7:42:22 AM
1	8	0.000	0.000	4.457	0.14	102.80	12.96	-0.027	1423.71	0.0000	10/7/2021	7:42:24 AM
1	9	0.000	0.000	4.465	0.14	103.03	12.98	-0.027	1423.75	0.0000	10/7/2021	7:42:26 AM
1	10	0.000	0.000	4.457	0.14	102.80	12.96	-0.027	1423.71	0.0000	10/7/2021	7:42:28 AM
1	11	0.000	0.000	4.483	0.14	102.49	12.91	-0.027	1423.83	0.0000	10/7/2021	7:42:30 AM
1	12	0.000	0.000	4.493	0.14	103.11	12.99	-0.027	1423.88	0.0000	10/7/2021	7:42:32 AM
1	13	0.000	0.000	4.503	0.14	103.12	12.98	-0.027	1423.92	0.0000	10/7/2021	7:42:34 AM
1	14	0.000	0.000	4.518	0.14	103.17	12.98	-0.027	1423.99	0.0000	10/7/2021	7:42:36 AM
1	15	0.000	0.000	4.530	0.14	103.36	13.00	-0.027	1424.04	0.0000	10/7/2021	7:42:38 AM
1	16	0.000	0.000	4.528	0.14	103.10	12.97	-0.027	1424.04	0.0000	10/7/2021	7:42:40 AM
1	17	0.000	0.000	4.443	0.14	103.81	13.09	-0.027	1423.65	0.0000	10/7/2021	7:42:42 AM
1	18	0.000	0.000	4.336	0.14	103.81	13.13	-0.026	1423.16	0.0000	10/7/2021	7:42:44 AM
1	19	0.000	0.000	4.304	0.14	104.03	13.17	-0.026	1423.02	0.0000	10/7/2021	7:42:46 AM
1	20	0.000	0.000	4.209	0.14	104.02	13.20	-0.025	1422.58	0.0000	10/7/2021	7:42:48 AM
1	21	0.000	0.000	4.056	0.14	104.29	13.28	-0.025	1421.88	0.0000	10/7/2021	7:42:50 AM
1	22	0.000	0.000	3.794	0.14	104.33	13.38	-0.025	1420.68	0.0000	10/7/2021	7:42:52 AM
1	23	0.000	0.000	3.733	0.14	104.52	13.43	-0.026	1420.40	0.0000	10/7/2021	7:42:54 AM
1	24	0.000	0.000	3.414	0.14	104.86	13.59	-0.028	1418.92	0.0000	10/7/2021	7:42:56 AM
1	25	0.000	0.000	3.187	0.14	104.44	13.61	-0.030	1417.86	0.0000	10/7/2021	7:42:58 AM
1	26	0.000	0.000	3.091	0.14	104.68	13.68	-0.031	1417.41	0.0000	10/7/2021	7:43:00 AM
1	27	0.000	0.000	3.052	0.14	105.29	13.77	-0.032	1417.23	0.0000	10/7/2021	7:43:02 AM
1	28	0.000	0.000	3.037	0.14	105.09	13.75	-0.032	1417.16	0.0000	10/7/2021	7:43:04 AM
1	29	0.000	0.000	2.996	0.14	105.19	13.78	-0.033	1416.97	0.0000	10/7/2021	7:43:06 AM
1	30	0.000	0.000	2.939	0.14	105.32	13.82	-0.034	1416.70	0.0000	10/7/2021	7:43:08 AM
1	31	0.000	0.000	2.905	0.14	105.15	13.81	-0.034	1416.54	0.0000	10/7/2021	7:43:10 AM
1	32	0.000	0.000	2.853	0.14	105.05	13.82	-0.035	1416.29	0.0000	10/7/2021	7:43:12 AM
1	33	0.000	0.000	2.736	0.35	106.61	14.07	-0.038	1415.74	0.0000	10/7/2021	7:43:14 AM
1	34	0.000	0.000	2.678	0.11	108.01	14.27	-0.039	1415.47	0.0000	10/7/2021	7:43:16 AM
1	35	0.000	0.000	2.751	0.09	104.95	13.84	-0.037	1415.81	0.0000	10/7/2021	7:43:18 AM
1	36	0.000	0.000	2.338	0.45	103.63	13.82	-0.047	1413.85	0.0000	10/7/2021	7:43:20 AM
1	37	0.334	0.405	3.290	0.08	103.12	13.37	0.241	1418.79	0.0000	10/7/2021	7:43:22 AM
1	38	0.000	0.000	2.654	0.28	102.56	13.56	-0.039	1415.35	0.0000	10/7/2021	7:43:24 AM
1	39	33.560	31.024	3.632	0.27	102.21	10.49	26.677	1463.22	0.0100	10/7/2021	7:43:26 AM
1	40	33.356	31.015	3.820	0.33	102.10	10.45	26.498	1463.75	0.3500	10/7/2021	7:43:28 AM
1	41	0.000	0.000	3.699	0.31	101.97	13.11	-0.025	1420.24	0.1700	10/7/2021	7:43:30 AM
1	42	32.781	30.572	3.868	0.31	101.85	10.45	26.035	1463.21	0.1500	10/7/2021	7:43:32 AM
1	43	0.328	0.404	3.789	0.31	101.67	13.01	0.240	1421.10	0.0900	10/7/2021	7:43:34 AM
1	44	33.358	31.047	3.855	0.32	101.57	10.38	26.497	1463.91	0.4700	10/7/2021	7:43:36 AM
1	45	0.000	0.000	3.784	0.28	101.46	13.02	-0.023	1420.64	0.4900	10/7/2021	7:43:38 AM
1	46	33.335	31.048	3.879	0.28	101.31	10.35	26.477	1463.98	0.5800	10/7/2021	7:43:40 AM
1	47	33.329	31.053	3.890	0.29	101.28	10.35	26.474	1464.03	1.2500	10/7/2021	7:43:42 AM
1	48	33.334	31.057	3.890	0.30	101.10	10.33	26.478	1464.03	1.2800	10/7/2021	7:43:44 AM
1	49	33.335	31.057	3.889	0.30	101.04	10.32	26.481	1464.04	1.7000	10/7/2021	7:43:46 AM
1	50	33.329	31.053	3.890	0.29	101.02	10.32	26.473	1464.03	1.0900	10/7/2021	7:43:48 AM
1	51	33.333	31.056	3.890	0.32	100.93	10.31	26.478	1464.04	1.4300	10/7/2021	7:43:50 AM
1	52	33.328	31.052	3.890	0.29	100.83	10.30	26.473	1464.03	1.3100	10/7/2021	7:43:52 AM
1	53	33.329	31.052	3.889	0.31	100.87	10.31	26.475	1464.03	1.3700	10/7/2021	7:43:54 AM
1	54	33.329	31.053	3.890	0.29	100.75	10.29	26.477	1464.04	1.9100	10/7/2021	7:43:56 AM
1	55	33.337	31.060	3.890	0.29	100.69	10.29	26.484	1464.05	2.0200	10/7/2021	7:43:58 AM
1	56	33.330	31.055	3.891	0.29	100.77	10.30	26.480	1464.05	2.3200	10/7/2021	7:44:00 AM
1	57	33.333	31.056	3.889	0.28	100.75	10.29	26.483	1464.05	2.4900	10/7/2021	7:44:02 AM
1	58	33.332	31.057	3.891	0.33	100.55	10.27	26.483	1464.06	2.7600	10/7/2021	7:44:04 AM
1	59	33.332	31.058	3.892	0.29	100.62	10.28	26.484	1464.07	2.9600	10/7/2021	7:44:06 AM
1	60	33.336	31.061	3.892	0.33	100.55	10.27	26.486	1464.07	2.6600	10/7/2021	7:44:08 AM
1	61	33.329	31.056	3.893	0.33	100.49	10.27	26.481	1464.07	2.8700	10/7/2021	7:44:10 AM
1	62	33.332	31.057	3.891	0.31	100.49	10.27	26.485	1464.06	3.0200	10/7/2021	7:44:12 AM
1	63	33.333	31.058	3.891	0.29	100.47	10.26	26.487	1464.07	3.4500	10/7/2021	7:44:14 AM
1	64	33.333	31.060	3.893	0.27	100.47	10.26	26.488	1464.09	3.6500	10/7/2021	7:44:16 AM
1	65	33.333	31.060	3.893	0.31	100.43	10.26	26.491	1464.10	4.2900	10/7/2021	7:44:18 AM
1	66	33.333	31.061	3.894	0.28	100.44	10.26	26.492	1464.10	4.5800	10/7/2021	7:44:20 AM
1	67	33.332	31.062	3.896	0.29	100.39	10.26	26.493	1464.12	5.0300	10/7/2021	7:44:22 AM
1	68	33.336	31.065	3.895	0.31	100.35	10.25	26.498	1464.13	5.3500	10/7/2021	7:44:24 AM
1	69	33.329	31.060	3.896	0.29	100.36	10.25	26.495	1464.13	5.8300	10/7/2021	7:44:26 AM
1	70	33.331	31.062	3.896	0.33	100.32	10.25	26.498	1464.14	6.1500	10/7/2021	7:44:28 AM
1	71	33.329	31.060	3.896	0.28	100.30	10.25	26.498	1464.14	6.6200	10/7/2021	7:44:30 AM
1	72	33.330	31.061	3.896	0.32	100.20	10.24	26.501	1464.15	6.9700	10/7/2021	7:44:32 AM
1	73	33.330	31.064	3.899	0.31	100.24	10.24	26.503	1464.17	7.4000	10/7/2021	7:44:34 AM
1	74	33.328	31.064	3.901	0.32	100.19	10.23	26.503	1464.18	7.8700	10/7/2021	7:44:36 AM
1	75	33.333	31.068	3.900	0.27	100.18	10.23	26.510	1464.19	8.4900	10/7/2021	7:44:38 AM
1	76	33.332	31.069	3.902	0.29	100.24	10.24	26.512	1464.21	9.0700	10/7/2021	7:44:40 AM
1	77	33.334	31.073	3.904	0.32	100.17	10.23	26.516	1464.23	9.6300	10/7/2021	7:44:42 AM
1	78	33.330	31.070	3.904	0.29	100.10	10.22	26.516	1464.23	10.2200	10/7/2021	7:44:44 AM
1	79	33.329	31.071	3.906	0.27	100.19	10.23	26.517	1464.25	10.8600	10/7/2021	7:44:46 AM
1	80	33.331	31.074	3.908	0.27	100.16	10.23	26.521	1464.27	11.3900	10/7/2021	7:44:48 AM
1	81	33.332	31.075	3.907	0.33	100.13	10.23	26.525	1464.28	12.0200	10/7/2021	7:44:50 AM
1	82	33.335	31.078	3.908	0.27	100.16	10.23	26.530	1464.30	12.6400	10/7/2021	7:44:52 AM
1	83	33.342	31.087	3.911	0.27	100.00	10.21	26.538	1464.33	13.1700	10/7/2021	7:44:54 AM
1	84	33.341	31.087	3.912	0.28	100.16	10.23	26.540	1464.34	13.7900	10/7/2021	7:44:56 AM
1	85	33.339	31.085	3.911	0.29	100.13	10.22	26.541	1464.34	14.4800	10/7/2021	7:44:58 AM
1	86	33.341	31.089	3.913	0.31	100.11	10.22	26.546	1464.37	15.1100	10/7/2021	7:45:00 AM
1	87	33.342	31.089	3.912	0.28	100.18	10.23	26.549	1464.37	15.6900	10/7/2021	7:45:02 AM
1	88	33.349	31.096	3.913	0.27	100.04	10.21	26.558	1464.40	16.3100	10/7/2021	7:45:04 AM
1	89	33.345	31.094	3.914	0.28	100.11	10.22	26.558	1464.41	16.9500	10/7/2021	7:45:06 AM
1	90	33.344	31.094	3.915	0.30	100.10	10.22	26.559	1464.42	17.5400	10/7/2021	7:45:08 AM
1	91	33.407	31.155	3.924	0.21	100.08	10.21	26.611	1464.54	18.0600	10/7/2021	7:45:10 AM
1	92	33.478	31.236	3.948	0.22	99.94	10.19	26.668	1464.75	18.6100	10/7/2021	7:45:12 AM
1	93	33.616	31.379	3.979	0.17	99.70	10.14	26.777	1465.06	19.1400	10/7/2021	7:45:14 AM
1	94	33.662	31.422	3.983	0.16	99.50	10.12	26.816	1465.15	19.7100	10/7/2021	7:45:16 AM
1	95	33.762	31.504	3.980	0.16	99.47	10.11	26.898	1465.27	20.2900	10/7/2021	7:45:18 AM
1	96	33.837	31.585	4.000	0.17	99.50	10.10	26.959	1465.46	20.9800	10/7/2021	7:45:20 AM
1	97	33.858	31.611	4.010	0.16	99.50	10.10	26.977	1465.54	21.6000	10/7/2021	7:45:22 AM
1	98	33.864	31.620	4.014	0.16	99.47	10.10	26.984	1465.58	22.1400	10/7/2021	7:45:24 AM
1	99	33.886	31.641	4.016	0.15	99.48	10.09	27.005	1465.62	22.7900	10/7/2021	7:45:26 AM
1	100	33.912	31.667	4.021	0.14	99.58	10.10	27.028	1465.69	23.4200	10/7/2021	7:45:28 AM
1	101	33.920	31.679	4.026	0.17	99.65	10.11	27.037	1465.73	23.9600	10/7/2021	7:45:30 AM
1	102	33.947	31.698	4.022	0.15	99.70	10.11	27.061	1465.76	24.5100	10/7/2021	7:45:32 AM
1	103	33.985	31.732	4.024	0.14	99.85	10.12	27.093	1465.82	25.1300	10/7/2021	7:45:34 AM
1	104	34.038	31.799	4.049	0.14	99.73	10.10	27.136	1466.01	25.7500	10/7/2021	7:45:36 AM
1	105	34.056	31.849	4.088	0.15	99.58	10.08	27.149	1466.20	26.3200	10/7/2021	7:45:38 AM
1	106	34.079	31.901	4.125	0.13	99.51	10.06	27.166	1466.39	26.9500	10/7/2021	7:45:40 AM
1	107	34.078	31.910	4.136	0.16	99.38	10.04	27.168	1466.45	27.6500	10/7/2021	7:45:42 AM
1	108	34.086	31.905	4.122	0.16	99.45	10.05	27.179	1466.42	28.4500	10/7/2021	7:45:44 AM
1	109	34.097	31.907	4.114	0.17	99.43	10.05	27.192	1466.41	29.1500	10/7/2021	7:45:46 AM
1	110	34.100	31.909	4.113	0.14	99.42	10.05	27.197	1466.42	29.6700	10/7/2021	7:45:48 AM
1	111	34.096	31.906	4.113	0.15	99.45	10.05	27.197	1466.42	30.3700	10/7/2021	7:45:50 AM
1	112	34.095	31.906	4.113	0.15	99.44	10.05	27.201	1466.44	31.3100	10/7/2021	7:45:52 AM
1	113	34.097	31.906	4.111	0.14	99.44	10.05	27.205	1466.44	31.8900	10/7/2021	7:45:54 AM
1	114	34.103	31.910	4.110	0.14	99.49	10.06	27.212	1466.45	32.4400	10/7/2021	7:45:56 AM
1	115	34.097	31.909	4.114	0.15	99.54	10.06	27.211	1466.48	33.3400	10/7/2021	7:45:58 AM
1	116	34.120	31.952	4.140	0.16	99.27	10.03	27.231	1466.63	34.1800	10/7/2021	7:46:00 AM
1	117	34.122	31.970	4.158	0.16	99.16	10.01	27.234	1466.71	34.7500	10/7/2021	7:46:02 AM
1	118	34.131	31.990	4.172	0.16	99.05	10.00	27.243	1466.80	35.5300	10/7/2021	7:46:04 AM
1	119	34.139	32.010	4.187	0.16	99.16	10.00	27.251	1466.88	36.2700	10/7/2021	7:46:06 AM
1	120	34.165	32.056	4.214	0.15	99.05	9.98	27.272	1467.04	37.0200	10/7/2021	7:46:08 AM
1	121	34.182	32.086	4.231	0.16	99.05	9.98	27.287	1467.14	37.7900	10/7/2021	7:46:10 AM
1	122	34.195	32.116	4.252	0.18	99.00	9.97	27.300	1467.26	38.7400	10/7/2021	7:46:12 AM
1	123	34.211	32.157	4.283	0.17	98.99	9.96	27.313	1467.43	39.6000	10/7/2021	7:46:14 AM
1	124	34.221	32.181	4.300	0.17	98.97	9.95	27.323	1467.52	40.4100	10/7/2021	7:46:16 AM
1	125	34.233	32.202	4.312	0.17	98.96	9.95	27.335	1467.60	41.1700	10/7/2021	7:46:18 AM
1	126	34.238	32.211	4.317	0.17	98.99	9.95	27.342	1467.64	42.0000	10/7/2021	7:46:20 AM
1	127	34.247	32.228	4.327	0.16	98.99	9.95	27.352	1467.71	42.8900	10/7/2021	7:46:22 AM
1	128	34.248	32.243	4.342	0.17	98.98	9.94	27.356	1467.79	43.6900	10/7/2021	7:46:24 AM
1	129	34.256	32.258	4.351	0.18	99.03	9.94	27.365	1467.85	44.5600	10/7/2021	7:46:26 AM
1	130	34.261	32.276	4.366	0.17	98.96	9.93	27.372	1467.93	45.5000	10/7/2021	7:46:28 AM
1	131	34.284	32.318	4.391	0.17	99.00	9.93	27.392	1468.08	46.5100	10/7/2021	7:46:30 AM
1	132	34.290	32.326	4.394	0.16	99.06	9.93	27.399	1468.11	47.1800	10/7/2021	7:46:32 AM
1	133	34.306	32.320	4.372	0.27	99.16	9.95	27.418	1468.05	47.9500	10/7/2021	7:46:34 AM
1	134	34.299	32.309	4.365	0.14	99.09	9.94	27.418	1468.03	48.8300	10/7/2021	7:46:36 AM
1	135	34.321	32.315	4.351	0.14	99.20	9.96	27.440	1468.01	49.5800	10/7/2021	7:46:38 AM
1	136	34.322	32.305	4.338	0.14	99.31	9.97	27.445	1467.97	50.2700	10/7/2021	7:46:40 AM
1	137	34.328	32.299	4.325	0.15	99.33	9.98	27.455	1467.94	51.0100	10/7/2021	7:46:42 AM
1	138	34.335	32.300	4.319	0.14	99.36	9.98	27.464	1467.93	51.6300	10/7/2021	7:46:44 AM
1	139	34.336	32.292	4.309	0.15	99.33	9.98	27.469	1467.90	52.4500	10/7/2021	7:46:46 AM
1	140	34.340	32.290	4.302	0.16	99.31	9.98	27.477	1467.89	53.2200	10/7/2021	7:46:48 AM
1	141	34.345	32.292	4.300	0.15	99.46	9.99	27.483	1467.90	53.7800	10/7/2021	7:46:50 AM
1	142	34.343	32.297	4.307	0.15	99.36	9.98	27.485	1467.94	54.5000	10/7/2021	7:46:52 AM
1	143	34.352	32.291	4.291	0.14	99.39	9.99	27.498	1467.90	55.3700	10/7/2021	7:46:54 AM
1	144	34.361	32.282	4.272	0.16	99.49	10.00	27.510	1467.84	56.0300	10/7/2021	7:46:56 AM
1	145	34.363	32.271	4.257	0.16	99.48	10.00	27.517	1467.79	56.7800	10/7/2021	7:46:58 AM
1	146	34.358	32.258	4.247	0.15	99.48	10.01	27.517	1467.76	57.6100	10/7/2021	7:47:00 AM
1	147	34.369	32.256	4.234	0.14	99.56	10.02	27.531	1467.73	58.2900	10/7/2021	7:47:02 AM
1	148	34.369	32.252	4.229	0.16	99.55	10.02	27.534	1467.72	58.9700	10/7/2021	7:47:04 AM
1	149	34.371	32.255	4.230	0.15	99.55	10.02	27.539	1467.74	59.6400	10/7/2021	7:47:06 AM
1	150	34.373	32.267	4.241	0.14	99.54	10.01	27.544	1467.80	60.5000	10/7/2021	7:47:08 AM
1	151	34.386	32.300	4.266	0.17	99.54	10.01	27.554	1467.93	61.1600	10/7/2021	7:47:10 AM
1	152	34.384	32.309	4.277	0.15	99.56	10.01	27.554	1467.99	61.7100	10/7/2021	7:47:12 AM
1	153	34.391	32.332	4.296	0.15	99.59	10.00	27.561	1468.08	62.2900	10/7/2021	7:47:14 AM
1	154	34.417	32.389	4.335	0.15	99.37	9.97	27.581	1468.29	63.1000	10/7/2021	7:47:16 AM
1	155	34.425	32.418	4.360	0.16	99.08	9.93	27.587	1468.41	63.7400	10/7/2021	7:47:18 AM
1	156	34.431	32.429	4.366	0.15	99.08	9.93	27.595	1468.46	64.4400	10/7/2021	7:47:20 AM
1	157	34.435	32.430	4.363	0.15	99.05	9.93	27.601	1468.46	65.0300	10/7/2021	7:47:22 AM
1	158	34.454	32.408	4.320	0.17	99.12	9.95	27.623	1468.32	65.5700	10/7/2021	7:47:24 AM
1	159	34.438	32.332	4.249	0.14	99.31	9.98	27.622	1468.01	66.3500	10/7/2021	7:47:26 AM
1	160	34.415	32.294	4.228	0.15	99.44	10.00	27.609	1467.91	67.1300	10/7/2021	7:47:28 AM
1	161	34.420	32.303	4.233	0.15	99.42	10.00	27.616	1467.95	67.8600	10/7/2021	7:47:30 AM
1	162	34.418	32.313	4.246	0.14	99.43	10.00	27.617	1468.01	68.6300	10/7/2021	7:47:32 AM
1	163	34.431	32.328	4.250	0.16	99.31	9.98	27.630	1468.06	69.3300	10/7/2021	7:47:34 AM
1	164	34.450	32.316	4.218	0.14	99.32	9.99	27.652	1467.96	70.0400	10/7/2021	7:47:36 AM
1	165	34.433	32.257	4.167	0.16	99.54	10.03	27.647	1467.74	70.7800	10/7/2021	7:47:38 AM
1	166	34.429	32.245	4.157	0.13	99.68	10.04	27.649	1467.71	71.6400	10/7/2021	7:47:40 AM
1	167	34.452	32.280	4.174	0.13	99.85	10.06	27.670	1467.82	72.5400	10/7/2021	7:47:42 AM
1	168	34.453	32.279	4.172	0.15	99.64	10.03	27.674	1467.83	73.2300	10/7/2021	7:47:44 AM
1	169	34.469	32.330	4.214	0.13	99.41	10.00	27.685	1468.03	73.9600	10/7/2021	7:47:46 AM
1	170	34.468	32.319	4.202	0.16	99.37	10.00	27.689	1467.99	74.7300	10/7/2021	7:47:48 AM
1	171	34.472	32.322	4.201	0.14	99.37	10.00	27.696	1468.01	75.5100	10/7/2021	7:47:50 AM
1	172	34.479	32.289	4.157	0.14	99.60	10.03	27.710	1467.85	76.2700	10/7/2021	7:47:52 AM
1	173	34.485	32.307	4.171	0.15	99.60	10.03	27.717	1467.93	77.0900	10/7/2021	7:47:54 AM
1	174	34.462	32.328	4.216	0.16	100.34	10.09	27.698	1468.10	77.9900	10/7/2021	7:47:56 AM
1	175	34.411	32.648	4.625	0.18	99.66	9.93	27.616	1469.73	78.8600	10/7/2021	7:47:58 AM
1	176	34.613	33.249	5.102	0.21	98.84	9.72	27.726	1471.95	79.6500	10/7/2021	7:48:00 AM
1	177	34.611	33.361	5.228	0.19	98.41	9.65	27.713	1472.47	80.4800	10/7/2021	7:48:02 AM
1	178	34.656	33.427	5.258	0.18	98.24	9.63	27.748	1472.66	81.1600	10/7/2021	7:48:04 AM
1	179	34.662	33.444	5.271	0.18	98.14	9.61	27.754	1472.74	81.9200	10/7/2021	7:48:06 AM
1	180	34.666	33.453	5.276	0.19	98.13	9.61	27.762	1472.78	82.9800	10/7/2021	7:48:08 AM
1	181	34.663	33.448	5.273	0.18	98.10	9.61	27.764	1472.78	83.7600	10/7/2021	7:48:10 AM
1	182	34.665	33.424	5.244	0.19	97.86	9.59	27.773	1472.68	84.5800	10/7/2021	7:48:12 AM
1	183	34.696	33.372	5.156	0.17	97.91	9.62	27.811	1472.37	85.2800	10/7/2021	7:48:14 AM
1	184	34.661	33.188	4.985	0.18	98.07	9.67	27.807	1471.64	86.1200	10/7/2021	7:48:16 AM
1	185	34.665	33.087	4.868	0.17	98.05	9.70	27.828	1471.19	87.0600	10/7/2021	7:48:18 AM
1	186	34.607	32.920	4.737	0.18	98.03	9.73	27.801	1470.59	87.8600	10/7/2021	7:48:20 AM
1	187	34.620	32.887	4.687	0.15	98.06	9.74	27.821	1470.42	88.6000	10/7/2021	7:48:22 AM
1	188	34.621	32.874	4.671	0.18	98.13	9.75	27.827	1470.36	89.3400	10/7/2021	7:48:24 AM
1	189	34.610	32.860	4.666	0.16	98.11	9.75	27.822	1470.34	90.2300	10/7/2021	7:48:26 AM
1	190	34.602	32.843	4.654	0.17	98.09	9.76	27.822	1470.30	91.1500	10/7/2021	7:48:28 AM
1	191	34.611	32.841	4.643	0.16	98.13	9.76	27.833	1470.28	91.8700	10/7/2021	7:48:30 AM
1	192	34.607	32.822	4.625	0.17	98.09	9.76	27.836	1470.21	92.6700	10/7/2021	7:48:32 AM
1	193	34.605	32.781	4.580	0.17	98.01	9.76	27.844	1470.04	93.6200	10/7/2021	7:48:34 AM
1	194	34.606	32.751	4.545	0.15	98.01	9.77	27.853	1469.91	94.4100	10/7/2021	7:48:36 AM
1	195	34.600	32.722	4.518	0.15	97.97	9.77	27.854	1469.80	95.1000	10/7/2021	7:48:38 AM
1	196	34.602	32.679	4.468	0.15	97.99	9.79	27.866	1469.62	96.1400	10/7/2021	7:48:40 AM
1	197	34.609	32.636	4.412	0.15	98.08	9.81	27.883	1469.41	97.1700	10/7/2021	7:48:42 AM
1	198	34.597	32.594	4.376	0.15	98.14	9.83	27.880	1469.26	97.7800	10/7/2021	7:48:44 AM
1	199	34.598	32.568	4.346	0.15	98.15	9.83	27.888	1469.15	98.5900	10/7/2021	7:48:46 AM
1	200	34.578	32.522	4.313	0.15	98.16	9.84	27.880	1469.00	99.5500	10/7/2021	7:48:48 AM
1	201	34.580	32.493	4.278	0.15	98.15	9.85	27.889	1468.87	100.3100	10/7/2021	7:48:50 AM
1	202	34.588	32.446	4.217	0.14	98.28	9.88	27.906	1468.64	101.1300	10/7/2021	7:48:52 AM
1	203	34.568	32.383	4.165	0.15	98.28	9.89	27.899	1468.42	101.9800	10/7/2021	7:48:54 AM
1	204	34.583	32.385	4.152	0.17	97.98	9.86	27.916	1468.39	102.6900	10/7/2021	7:48:56 AM
1	205	34.580	32.357	4.123	0.13	98.00	9.87	27.921	1468.28	103.5500	10/7/2021	7:48:58 AM
1	206	34.632	32.333	4.046	0.14	98.13	9.90	27.976	1468.05	104.6200	10/7/2021	7:49:00 AM
1	207	34.573	32.233	3.989	0.13	98.77	9.98	27.939	1467.75	105.4700	10/7/2021	7:49:02 AM
1	208	34.579	32.301	4.060	0.15	98.65	9.95	27.939	1468.06	106.2200	10/7/2021	7:49:04 AM
1	209	34.566	32.466	4.257	0.14	98.29	9.87	27.912	1468.88	107.1600	10/7/2021	7:49:06 AM
1	210	34.633	32.697	4.452	0.14	97.52	9.74	27.948	1469.79	108.1000	10/7/2021	7:49:08 AM
1	211	34.695	32.860	4.575	0.13	96.89	9.65	27.987	1470.38	108.8600	10/7/2021	7:49:10 AM
1	212	34.749	32.837	4.497	0.13	96.64	9.64	28.043	1470.15	109.7000	10/7/2021	7:49:12 AM
1	213	34.673	32.607	4.312	0.13	97.03	9.72	28.007	1469.30	110.6400	10/7/2021	7:49:14 AM
1	214	34.676	32.468	4.153	0.13	97.44	9.80	28.030	1468.66	111.3200	10/7/2021	7:49:16 AM
1	215	34.689	32.382	4.044	0.13	97.69	9.85	28.055	1468.23	111.8900	10/7/2021	7:49:18 AM
1	216	34.644	32.263	3.952	0.12	97.85	9.89	28.033	1467.80	112.7700	10/7/2021	7:49:20 AM
1	217	34.667	32.205	3.865	0.11	97.72	9.90	28.064	1467.48	113.6200	10/7/2021	7:49:22 AM
1	218	34.643	32.129	3.801	0.11	97.93	9.94	28.056	1467.20	114.3400	10/7/2021	7:49:24 AM
1	219	34.645	32.089	3.754	0.12	97.99	9.96	28.066	1467.02	115.2200	10/7/2021	7:49:26 AM
1	220	34.639	32.045	3.709	0.13	98.00	9.97	28.070	1466.83	116.0300	10/7/2021	7:49:28 AM
1	221	34.646	32.036	3.692	0.11	97.95	9.97	28.080	1466.78	116.6200	10/7/2021	7:49:30 AM
1	222	34.646	32.006	3.658	0.11	97.89	9.97	28.087	1466.65	117.3000	10/7/2021	7:49:32 AM
1	223	34.636	31.961	3.616	0.11	97.89	9.98	28.087	1466.47	118.1300	10/7/2021	7:49:34 AM
1	224	34.633	31.969	3.628	0.18	97.82	9.97	28.087	1466.53	118.9500	10/7/2021	7:49:36 AM
1	225	34.646	32.018	3.671	0.11	97.50	9.93	28.095	1466.74	119.6300	10/7/2021	7:49:38 AM
1	226	34.668	32.073	3.711	0.13	97.31	9.90	28.114	1466.95	120.5600	10/7/2021	7:49:40 AM
1	227	34.663	32.080	3.723	0.13	97.29	9.89	28.113	1467.02	121.5800	10/7/2021	7:49:42 AM
1	228	34.665	32.092	3.735	0.13	97.14	9.87	28.117	1467.08	122.4500	10/7/2021	7:49:44 AM
1	229	34.673	32.112	3.749	0.11	97.01	9.86	28.127	1467.17	123.3500	10/7/2021	7:49:46 AM
1	230	34.676	32.120	3.755	0.11	96.96	9.85	28.132	1467.21	124.1600	10/7/2021	7:49:48 AM
1	231	34.675	32.125	3.761	0.11	96.97	9.85	28.135	1467.25	124.9900	10/7/2021	7:49:50 AM
1	232	34.670	32.136	3.778	0.12	96.92	9.84	28.133	1467.33	125.9400	10/7/2021	7:49:52 AM
1	233	34.673	32.164	3.806	0.11	97.04	9.85	28.137	1467.46	126.8200	10/7/2021	7:49:54 AM
1	234	34.695	32.306	3.945	0.11	96.50	9.76	28.143	1468.08	127.5300	10/7/2021	7:49:56 AM
1	235	34.720	32.457	4.090	0.11	96.02	9.67	28.151	1468.73	128.2700	10/7/2021	7:49:58 AM
1	236	34.745	32.566	4.188	0.11	95.66	9.61	28.164	1469.18	129.1800	10/7/2021	7:50:00 AM
1	237	34.761	32.637	4.252	0.11	95.39	9.57	28.174	1469.49	130.1000	10/7/2021	7:50:02 AM
1	238	34.774	32.665	4.271	0.11	95.19	9.54	28.185	1469.59	130.8700	10/7/2021	7:50:04 AM
1	239	34.771	32.661	4.269	0.11	95.17	9.54	28.187	1469.59	131.7100	10/7/2021	7:50:06 AM
1	240	34.784	32.661	4.256	0.13	95.12	9.54	28.203	1469.57	132.5900	10/7/2021	7:50:08 AM
1	241	34.775	32.639	4.239	0.11	95.14	9.55	28.202	1469.50	133.3600	10/7/2021	7:50:10 AM
1	242	34.769	32.620	4.223	0.10	95.10	9.55	28.203	1469.44	134.2300	10/7/2021	7:50:12 AM
1	243	34.777	32.618	4.213	0.11	95.10	9.55	28.215	1469.43	135.2400	10/7/2021	7:50:14 AM
1	244	34.776	32.604	4.198	0.13	95.10	9.55	28.219	1469.38	136.0400	10/7/2021	7:50:16 AM
1	245	34.776	32.612	4.206	0.11	95.09	9.55	28.223	1469.43	136.8600	10/7/2021	7:50:18 AM
1	246	34.779	32.621	4.213	0.11	95.07	9.54	28.229	1469.48	137.9100	10/7/2021	7:50:20 AM
1	247	34.778	32.627	4.220	0.10	94.94	9.53	28.231	1469.52	138.6300	10/7/2021	7:50:22 AM
1	248	34.783	32.635	4.224	0.10	94.87	9.52	28.237	1469.55	139.3100	10/7/2021	7:50:24 AM
1	249	34.787	32.641	4.227	0.10	94.89	9.52	28.244	1469.58	140.1500	10/7/2021	7:50:26 AM
1	250	34.783	32.638	4.227	0.11	94.88	9.52	28.245	1469.59	141.0800	10/7/2021	7:50:28 AM
1	251	34.791	32.636	4.217	0.11	94.83	9.52	28.256	1469.57	141.8100	10/7/2021	7:50:30 AM
1	252	34.786	32.623	4.206	0.11	94.82	9.52	28.257	1469.53	142.5000	10/7/2021	7:50:32 AM
1	253	34.781	32.611	4.197	0.11	94.77	9.52	28.258	1469.50	143.3900	10/7/2021	7:50:34 AM
1	254	34.780	32.606	4.192	0.09	94.89	9.53	28.261	1469.49	144.1400	10/7/2021	7:50:36 AM
1	255	34.786	32.604	4.184	0.13	94.87	9.53	28.270	1469.48	144.8400	10/7/2021	7:50:38 AM
1	256	34.781	32.595	4.178	0.10	94.82	9.53	28.271	1469.46	145.7300	10/7/2021	7:50:40 AM
1	257	34.783	32.585	4.165	0.10	94.83	9.53	28.277	1469.42	146.6300	10/7/2021	7:50:42 AM
1	258	34.780	32.571	4.151	0.11	94.84	9.54	28.281	1469.38	147.4200	10/7/2021	7:50:44 AM
1	259	34.771	32.596	4.188	0.09	94.74	9.52	28.272	1469.53	147.9900	10/7/2021	7:50:46 AM
1	260	34.791	32.628	4.204	0.10	94.45	9.48	28.290	1469.63	148.8100	10/7/2021	7:50:48 AM
1	261	34.803	32.636	4.201	0.10	94.47	9.48	28.304	1469.65	149.7600	10/7/2021	7:50:50 AM
1	262	34.794	32.611	4.181	0.10	94.48	9.49	28.303	1469.57	150.5100	10/7/2021	7:50:52 AM
1	263	34.797	32.617	4.185	0.10	94.38	9.48	28.308	1469.60	151.3200	10/7/2021	7:50:54 AM
1	264	34.799	32.636	4.204	0.09	94.37	9.47	28.311	1469.69	152.0700	10/7/2021	7:50:56 AM
1	265	34.805	32.665	4.230	0.10	94.29	9.46	28.317	1469.82	152.8400	10/7/2021	7:50:58 AM
1	266	34.807	32.680	4.245	0.10	94.23	9.45	28.320	1469.90	153.6000	10/7/2021	7:51:00 AM
1	267	34.810	32.693	4.256	0.10	94.19	9.44	28.325	1469.96	154.3800	10/7/2021	7:51:02 AM
1	268	34.818	32.703	4.259	0.10	94.26	9.45	28.334	1470.00	154.9800	10/7/2021	7:51:04 AM
1	269	34.812	32.704	4.266	0.09	94.18	9.44	28.332	1470.03	155.8100	10/7/2021	7:51:06 AM
1	270	34.818	32.723	4.281	0.09	94.20	9.44	28.339	1470.11	156.5900	10/7/2021	7:51:08 AM
1	271	34.802	32.755	4.331	0.11	94.00	9.41	28.324	1470.31	157.3600	10/7/2021	7:51:10 AM
1	272	34.835	32.836	4.390	0.10	93.78	9.37	28.347	1470.61	158.0000	10/7/2021	7:51:12 AM
1	273	34.830	32.833	4.391	0.10	93.73	9.37	28.346	1470.62	158.6900	10/7/2021	7:51:14 AM
1	274	34.830	32.823	4.379	0.10	93.78	9.37	28.352	1470.58	159.6300	10/7/2021	7:51:16 AM
1	275	34.833	32.827	4.381	0.09	93.74	9.37	28.357	1470.61	160.4600	10/7/2021	7:51:18 AM
1	276	34.837	32.837	4.388	0.09	93.51	9.34	28.363	1470.65	161.1200	10/7/2021	7:51:20 AM
1	277	34.841	32.841	4.388	0.10	93.53	9.35	28.369	1470.67	161.7700	10/7/2021	7:51:22 AM
1	278	34.842	32.841	4.387	0.09	93.47	9.34	28.374	1470.68	162.6200	10/7/2021	7:51:24 AM
1	279	34.845	32.841	4.383	0.10	93.39	9.33	28.381	1470.68	163.5300	10/7/2021	7:51:26 AM
1	280	34.846	32.840	4.381	0.09	93.42	9.34	28.386	1470.69	164.3500	10/7/2021	7:51:28 AM
1	281	34.848	32.842	4.381	0.10	93.34	9.33	28.391	1470.70	165.1200	10/7/2021	7:51:30 AM
1	282	34.848	32.844	4.383	0.09	93.27	9.32	28.393	1470.72	165.7700	10/7/2021	7:51:32 AM
1	283	34.849	32.848	4.386	0.10	93.28	9.32	28.398	1470.75	166.6600	10/7/2021	7:51:34 AM
1	284	34.847	32.848	4.387	0.09	93.25	9.32	28.401	1470.77	167.5200	10/7/2021	7:51:36 AM
1	285	34.849	32.851	4.388	0.09	93.15	9.31	28.406	1470.79	168.2400	10/7/2021	7:51:38 AM
1	286	34.852	32.854	4.388	0.10	93.14	9.31	28.412	1470.80	169.1100	10/7/2021	7:51:40 AM
1	287	34.848	32.850	4.387	0.10	93.19	9.31	28.413	1470.81	169.9000	10/7/2021	7:51:42 AM
1	288	34.850	32.850	4.385	0.10	93.13	9.31	28.417	1470.81	170.5900	10/7/2021	7:51:44 AM
1	289	34.851	32.853	4.387	0.10	93.09	9.30	28.422	1470.84	171.4000	10/7/2021	7:51:46 AM
1	290	34.854	32.859	4.390	0.09	93.17	9.31	28.428	1470.87	172.2600	10/7/2021	7:51:48 AM
1	291	34.858	32.863	4.391	0.09	93.18	9.31	28.434	1470.89	173.0700	10/7/2021	7:51:50 AM
1	292	34.860	32.865	4.391	0.09	93.06	9.30	28.439	1470.90	173.7500	10/7/2021	7:51:52 AM
1	293	34.856	32.862	4.391	0.09	93.09	9.30	28.439	1470.91	174.5200	10/7/2021	7:51:54 AM
1	294	34.858	32.865	4.392	0.09	93.07	9.30	28.445	1470.93	175.3800	10/7/2021	7:51:56 AM
1	295	34.858	32.858	4.384	0.09	93.10	9.30	28.450	1470.91	176.2400	10/7/2021	7:51:58 AM
1	296	34.856	32.852	4.378	0.09	93.03	9.30	28.452	1470.90	176.8800	10/7/2021	7:52:00 AM
1	297	34.855	32.847	4.373	0.10	93.11	9.31	28.456	1470.89	177.6400	10/7/2021	7:52:02 AM
1	298	34.856	32.845	4.370	0.09	93.07	9.30	28.460	1470.89	178.4800	10/7/2021	7:52:04 AM
1	299	34.857	32.861	4.386	0.09	93.04	9.30	28.464	1470.97	179.4300	10/7/2021	7:52:06 AM
1	300	34.862	32.877	4.399	0.09	92.91	9.28	28.469	1471.04	180.1300	10/7/2021	7:52:08 AM
1	301	34.875	32.876	4.385	0.09	92.86	9.28	28.485	1471.01	180.8500	10/7/2021	7:52:10 AM
1	302	34.868	32.852	4.365	0.09	92.93	9.29	28.485	1470.93	181.6900	10/7/2021	7:52:12 AM
1	303	34.863	32.832	4.347	0.09	92.95	9.30	28.486	1470.87	182.3900	10/7/2021	7:52:14 AM
1	304	34.857	32.818	4.336	0.10	92.90	9.29	28.487	1470.83	183.1200	10/7/2021	7:52:16 AM
1	305	34.859	32.815	4.331	0.09	92.96	9.30	28.492	1470.82	183.8600	10/7/2021	7:52:18 AM
1	306	34.859	32.808	4.323	0.09	92.90	9.30	28.496	1470.80	184.7100	10/7/2021	7:52:20 AM
1	307	34.861	32.795	4.306	0.09	92.92	9.30	28.503	1470.74	185.3200	10/7/2021	7:52:22 AM
1	308	34.853	32.752	4.265	0.09	93.02	9.32	28.503	1470.57	185.7200	10/7/2021	7:52:24 AM
1	309	34.848	32.749	4.266	0.10	93.04	9.32	28.502	1470.58	186.3800	10/7/2021	7:52:26 AM
1	310	34.841	32.723	4.244	0.09	93.12	9.34	28.502	1470.49	186.9700	10/7/2021	7:52:28 AM
1	311	34.854	32.730	4.239	0.09	93.17	9.34	28.515	1470.49	187.3900	10/7/2021	7:52:30 AM
1	312	34.850	32.723	4.234	0.09	93.11	9.34	28.516	1470.48	188.1200	10/7/2021	7:52:32 AM
1	313	34.846	32.724	4.239	0.11	93.16	9.34	28.514	1470.50	188.6400	10/7/2021	7:52:34 AM
1	314	34.841	32.728	4.248	0.09	93.10	9.33	28.512	1470.54	189.1800	10/7/2021	7:52:36 AM
1	315	34.851	32.734	4.245	0.13	93.09	9.33	28.522	1470.55	189.5700	10/7/2021	7:52:38 AM
1	316	34.842	32.734	4.253	0.10	93.12	9.33	28.517	1470.58	190.1600	10/7/2021	7:52:40 AM
1	317	34.847	32.748	4.264	0.11	93.12	9.33	28.521	1470.64	190.6400	10/7/2021	7:52:42 AM
1	318	34.852	32.758	4.270	0.10	93.08	9.33	28.527	1470.68	191.0700	10/7/2021	7:52:44 AM
1	319	34.853	32.769	4.281	0.09	93.05	9.32	28.529	1470.73	191.5800	10/7/2021	7:52:46 AM
1	320	34.853	32.780	4.293	0.09	93.05	9.32	28.530	1470.79	192.1400	10/7/2021	7:52:48 AM
1	321	34.850	32.780	4.296	0.09	93.03	9.32	28.529	1470.80	192.5400	10/7/2021	7:52:50 AM
1	322	34.853	32.786	4.299	0.09	93.01	9.31	28.534	1470.83	193.2000	10/7/2021	7:52:52 AM
1	323	34.854	32.793	4.306	0.09	92.97	9.31	28.537	1470.87	193.9500	10/7/2021	7:52:54 AM
1	324	34.863	32.793	4.297	0.11	93.00	9.31	28.548	1470.86	194.4700	10/7/2021	7:52:56 AM
1	325	34.859	32.784	4.291	0.08	93.03	9.32	28.548	1470.83	194.9800	10/7/2021	7:52:58 AM
1	326	34.858	32.781	4.288	0.09	93.04	9.32	28.550	1470.83	195.4400	10/7/2021	7:53:00 AM
1	327	34.858	32.767	4.272	0.09	93.08	9.33	28.555	1470.78	196.2700	10/7/2021	7:53:02 AM
1	328	34.856	32.762	4.268	0.09	93.05	9.32	28.557	1470.77	197.0000	10/7/2021	7:53:04 AM
1	329	34.861	32.772	4.274	0.09	92.99	9.32	28.563	1470.81	197.3700	10/7/2021	7:53:06 AM
1	330	34.861	32.769	4.270	0.09	92.99	9.32	28.566	1470.80	197.9700	10/7/2021	7:53:08 AM
1	331	34.855	32.762	4.268	0.09	92.92	9.31	28.565	1470.80	198.7500	10/7/2021	7:53:10 AM
1	332	34.862	32.769	4.269	0.09	93.04	9.32	28.573	1470.82	199.4300	10/7/2021	7:53:12 AM
1	333	34.860	32.769	4.270	0.09	92.91	9.31	28.574	1470.83	199.9300	10/7/2021	7:53:14 AM
1	334	34.859	32.770	4.272	0.09	92.97	9.31	28.577	1470.85	200.8300	10/7/2021	7:53:16 AM
1	335	34.862	32.780	4.280	0.09	92.80	9.30	28.582	1470.90	201.6200	10/7/2021	7:53:18 AM
1	336	34.858	32.781	4.284	0.08	92.87	9.30	28.583	1470.93	202.3600	10/7/2021	7:53:20 AM
1	337	34.861	32.783	4.283	0.09	92.85	9.30	28.589	1470.94	203.1200	10/7/2021	7:53:22 AM
1	338	34.863	32.788	4.287	0.08	92.93	9.31	28.593	1470.97	203.9500	10/7/2021	7:53:24 AM
1	339	34.860	32.788	4.289	0.09	92.89	9.30	28.594	1470.99	204.5700	10/7/2021	7:53:26 AM
1	340	34.863	32.789	4.287	0.09	92.87	9.30	28.599	1470.99	205.1800	10/7/2021	7:53:28 AM
1	341	34.862	32.774	4.271	0.09	92.95	9.31	28.604	1470.94	206.0100	10/7/2021	7:53:30 AM
1	342	34.857	32.775	4.276	0.09	92.89	9.31	28.603	1470.96	206.7400	10/7/2021	7:53:32 AM
1	343	34.863	32.782	4.278	0.09	92.90	9.31	28.610	1470.99	207.3900	10/7/2021	7:53:34 AM
1	344	34.867	32.782	4.274	0.09	92.95	9.31	28.616	1470.99	207.9300	10/7/2021	7:53:36 AM
1	345	34.864	32.777	4.271	0.09	92.85	9.30	28.617	1470.98	208.5700	10/7/2021	7:53:38 AM
1	346	34.861	32.765	4.260	0.08	92.91	9.31	28.619	1470.94	209.2700	10/7/2021	7:53:40 AM
1	347	34.858	32.758	4.255	0.09	92.93	9.31	28.620	1470.93	209.9500	10/7/2021	7:53:42 AM
1	348	34.861	32.758	4.252	0.09	92.98	9.32	28.626	1470.93	210.6900	10/7/2021	7:53:44 AM
1	349	34.862	32.758	4.250	0.09	93.00	9.32	28.631	1470.94	211.4200	10/7/2021	7:53:46 AM
1	350	34.862	32.756	4.248	0.10	93.05	9.33	28.634	1470.94	212.0100	10/7/2021	7:53:48 AM
1	351	34.857	32.750	4.245	0.08	93.10	9.33	28.634	1470.93	212.7600	10/7/2021	7:53:50 AM
1	352	34.858	32.758	4.253	0.09	93.06	9.33	28.638	1470.98	213.5500	10/7/2021	7:53:52 AM
1	353	34.863	32.765	4.256	0.08	93.00	9.32	28.644	1471.01	214.2300	10/7/2021	7:53:54 AM
1	354	34.860	32.763	4.256	0.09	92.98	9.32	28.645	1471.02	214.9500	10/7/2021	7:53:56 AM
1	355	34.863	32.764	4.254	0.08	92.97	9.32	28.651	1471.03	215.6100	10/7/2021	7:53:58 AM
1	356	34.862	32.756	4.246	0.09	92.95	9.32	28.654	1471.00	216.2800	10/7/2021	7:54:00 AM
1	357	34.867	32.760	4.245	0.08	92.99	9.32	28.662	1471.02	217.1600	10/7/2021	7:54:02 AM
1	358	34.861	32.749	4.238	0.08	92.99	9.32	28.662	1470.99	217.9400	10/7/2021	7:54:04 AM
1	359	34.867	32.750	4.233	0.09	92.95	9.32	28.669	1470.99	218.4000	10/7/2021	7:54:06 AM
1	360	34.869	32.739	4.219	0.09	92.86	9.32	28.675	1470.94	219.0900	10/7/2021	7:54:08 AM
1	361	34.856	32.691	4.177	0.09	92.87	9.33	28.675	1470.77	220.1000	10/7/2021	7:54:10 AM
1	362	34.871	32.664	4.132	0.09	92.98	9.35	28.696	1470.62	220.9100	10/7/2021	7:54:12 AM
1	363	34.870	32.597	4.058	0.09	93.17	9.38	28.706	1470.32	221.5400	10/7/2021	7:54:14 AM
1	364	34.855	32.476	3.936	0.10	93.47	9.44	28.710	1469.80	222.1700	10/7/2021	7:54:16 AM
1	365	34.862	32.425	3.872	0.09	93.58	9.47	28.727	1469.56	223.0800	10/7/2021	7:54:18 AM
1	366	34.831	32.339	3.804	0.08	93.83	9.51	28.714	1469.25	223.8600	10/7/2021	7:54:20 AM
1	367	34.830	32.315	3.778	0.08	93.91	9.52	28.718	1469.15	224.5100	10/7/2021	7:54:22 AM
1	368	34.827	32.286	3.748	0.08	93.91	9.53	28.722	1469.03	225.0100	10/7/2021	7:54:24 AM
1	369	34.833	32.238	3.688	0.08	94.12	9.57	28.736	1468.79	225.6000	10/7/2021	7:54:26 AM
1	370	34.809	32.146	3.607	0.08	94.26	9.60	28.729	1468.43	226.4200	10/7/2021	7:54:28 AM
1	371	34.808	32.089	3.543	0.09	94.18	9.61	28.739	1468.17	227.1900	10/7/2021	7:54:30 AM
1	372	34.839	32.021	3.438	0.08	94.38	9.65	28.776	1467.78	227.7500	10/7/2021	7:54:32 AM
1	373	34.779	31.920	3.379	0.08	94.52	9.68	28.739	1467.47	228.5900	10/7/2021	7:54:34 AM
1	374	34.779	31.898	3.354	0.08	94.52	9.69	28.745	1467.37	229.3400	10/7/2021	7:54:36 AM
1	375	34.772	31.848	3.304	0.08	94.57	9.71	28.747	1467.16	229.9600	10/7/2021	7:54:38 AM
1	376	34.776	31.831	3.281	0.08	94.47	9.70	28.755	1467.08	230.5100	10/7/2021	7:54:40 AM
1	377	34.764	31.794	3.250	0.09	94.47	9.71	28.752	1466.95	231.3600	10/7/2021	7:54:42 AM
1	378	34.771	31.788	3.236	0.08	94.44	9.71	28.763	1466.91	232.1000	10/7/2021	7:54:44 AM
1	379	34.788	31.759	3.187	0.10	94.35	9.71	28.785	1466.73	232.7200	10/7/2021	7:54:46 AM
1	380	34.786	31.722	3.147	0.08	94.47	9.73	28.790	1466.57	233.3700	10/7/2021	7:54:48 AM
1	381	34.766	31.679	3.116	0.08	94.38	9.73	28.781	1466.43	234.1900	10/7/2021	7:54:50 AM
1	382	34.763	31.642	3.077	0.09	94.43	9.75	28.786	1466.27	235.0200	10/7/2021	7:54:52 AM
1	383	34.756	31.620	3.058	0.08	94.51	9.76	28.786	1466.19	235.8400	10/7/2021	7:54:54 AM
1	384	34.780	31.617	3.032	0.09	94.37	9.75	28.811	1466.12	236.5100	10/7/2021	7:54:56 AM
1	385	34.753	31.565	2.998	0.08	94.32	9.76	28.797	1465.96	237.4000	10/7/2021	7:54:58 AM
1	386	34.779	31.504	2.904	0.08	94.29	9.77	28.831	1465.60	238.1400	10/7/2021	7:55:00 AM
1	387	34.738	31.396	2.819	0.08	94.47	9.81	28.810	1465.20	239.0700	10/7/2021	7:55:02 AM
1	388	34.745	31.341	2.750	0.08	94.34	9.82	28.826	1464.92	239.8800	10/7/2021	7:55:04 AM
1	389	34.736	31.273	2.680	0.09	94.31	9.83	28.829	1464.62	240.4700	10/7/2021	7:55:06 AM
1	390	34.731	31.253	2.662	0.09	94.17	9.82	28.829	1464.55	241.1400	10/7/2021	7:55:08 AM
1	391	34.733	31.245	2.650	0.11	93.86	9.79	28.837	1464.52	242.1000	10/7/2021	7:55:10 AM
1	392	34.739	31.236	2.634	0.09	93.78	9.79	28.847	1464.47	242.8100	10/7/2021	7:55:12 AM
1	393	34.741	31.233	2.629	0.09	93.69	9.78	28.850	1464.45	243.3100	10/7/2021	7:55:14 AM
1	394	34.735	31.228	2.628	0.10	93.67	9.78	28.850	1464.46	244.0800	10/7/2021	7:55:16 AM
1	395	34.734	31.225	2.625	0.09	93.56	9.77	28.853	1464.45	244.8400	10/7/2021	7:55:18 AM
1	396	34.739	31.228	2.624	0.09	93.51	9.76	28.860	1464.47	245.5200	10/7/2021	7:55:20 AM
1	397	34.738	31.225	2.621	0.08	93.56	9.77	28.862	1464.46	246.0100	10/7/2021	7:55:22 AM
1	398	34.738	31.225	2.621	0.08	93.54	9.77	28.864	1464.47	246.5800	10/7/2021	7:55:24 AM
1	399	34.732	31.221	2.621	0.09	93.53	9.77	28.864	1464.48	247.5100	10/7/2021	7:55:26 AM
1	400	34.733	31.215	2.613	0.08	93.54	9.77	28.870	1464.46	248.5100	10/7/2021	7:55:28 AM
1	401	34.736	31.214	2.609	0.08	93.53	9.77	28.876	1464.46	249.1500	10/7/2021	7:55:30 AM
1	402	34.741	31.215	2.605	0.09	93.46	9.76	28.883	1464.46	249.7700	10/7/2021	7:55:32 AM
1	403	34.735	31.208	2.602	0.09	93.42	9.76	28.882	1464.45	250.5400	10/7/2021	7:55:34 AM
1	404	34.742	31.194	2.579	0.09	93.35	9.76	28.894	1464.37	251.4600	10/7/2021	7:55:36 AM
1	405	34.740	31.175	2.559	0.09	93.16	9.74	28.898	1464.30	252.2100	10/7/2021	7:55:38 AM
1	406	34.755	31.141	2.506	0.09	93.11	9.75	28.918	1464.10	252.7600	10/7/2021	7:55:40 AM
1	407	34.770	31.112	2.459	0.09	92.95	9.74	28.937	1463.92	253.3400	10/7/2021	7:55:42 AM
1	408	34.748	31.051	2.410	0.09	92.82	9.74	28.926	1463.69	253.9500	10/7/2021	7:55:44 AM
1	409	34.745	31.035	2.394	0.09	92.68	9.73	28.928	1463.63	254.6100	10/7/2021	7:55:46 AM
1	410	34.750	31.013	2.364	0.08	92.56	9.72	28.938	1463.52	255.3900	10/7/2021	7:55:48 AM
1	411	34.767	30.993	2.325	0.09	92.61	9.74	28.958	1463.38	255.8100	10/7/2021	7:55:50 AM
1	412	34.729	30.961	2.323	0.09	92.50	9.73	28.931	1463.33	256.4500	10/7/2021	7:55:52 AM
1	413	34.736	30.937	2.289	0.09	92.51	9.74	28.943	1463.20	257.2000	10/7/2021	7:55:54 AM
1	414	34.745	30.936	2.279	0.09	92.50	9.74	28.953	1463.18	257.6700	10/7/2021	7:55:56 AM
1	415	34.738	30.930	2.279	0.10	92.48	9.74	28.949	1463.18	258.1000	10/7/2021	7:55:58 AM
1	416	34.732	30.928	2.281	0.09	92.46	9.74	28.948	1463.19	258.8600	10/7/2021	7:56:00 AM
1	417	34.731	30.917	2.269	0.09	92.41	9.73	28.952	1463.15	259.5800	10/7/2021	7:56:02 AM
1	418	34.739	30.911	2.255	0.09	92.44	9.74	28.961	1463.11	260.0000	10/7/2021	7:56:04 AM
1	419	34.739	30.907	2.250	0.09	92.47	9.74	28.964	1463.09	260.5100	10/7/2021	7:56:06 AM
1	420	34.736	30.902	2.247	0.09	92.43	9.74	28.965	1463.09	261.1300	10/7/2021	7:56:08 AM
1	421	34.734	30.900	2.246	0.09	92.47	9.75	28.967	1463.09	261.8400	10/7/2021	7:56:10 AM
1	422	34.734	30.897	2.242	0.08	92.40	9.74	28.970	1463.08	262.3200	10/7/2021	7:56:12 AM
1	423	34.736	30.897	2.240	0.09	92.37	9.74	28.973	1463.08	262.7600	10/7/2021	7:56:14 AM
1	424	34.734	30.892	2.236	0.08	92.47	9.75	28.975	1463.07	263.4000	10/7/2021	7:56:16 AM
1	425	34.740	30.895	2.234	0.09	92.50	9.75	28.981	1463.08	263.7100	10/7/2021	7:56:18 AM
1	426	34.732	30.888	2.233	0.09	92.56	9.76	28.976	1463.06	263.8900	10/7/2021	7:56:20 AM
1	427	34.735	30.888	2.230	0.09	92.48	9.75	28.979	1463.06	263.8600	10/7/2021	7:56:22 AM
1	428	34.739	30.892	2.231	0.08	92.54	9.76	28.983	1463.07	264.0700	10/7/2021	7:56:24 AM
1	429	34.737	30.895	2.236	0.09	92.47	9.75	28.981	1463.09	264.1400	10/7/2021	7:56:26 AM
1	430	34.741	30.892	2.229	0.08	92.48	9.75	28.984	1463.06	264.0400	10/7/2021	7:56:28 AM
1	431	34.744	30.892	2.227	0.08	92.55	9.76	28.986	1463.06	264.0300	10/7/2021	7:56:30 AM
1	432	34.740	30.893	2.231	0.09	92.46	9.75	28.983	1463.07	264.0400	10/7/2021	7:56:32 AM
1	433	34.742	30.895	2.232	0.08	92.51	9.75	28.985	1463.08	264.1100	10/7/2021	7:56:34 AM
1	434	34.738	30.890	2.230	0.09	92.44	9.75	28.982	1463.06	264.1300	10/7/2021	7:56:36 AM
1	435	34.739	30.891	2.230	0.09	92.44	9.75	28.982	1463.06	264.0000	10/7/2021	7:56:38 AM
1	436	34.745	30.897	2.231	0.08	92.46	9.75	28.987	1463.08	264.0100	10/7/2021	7:56:40 AM
1	437	34.746	30.901	2.235	0.09	92.55	9.76	28.988	1463.10	264.1100	10/7/2021	7:56:42 AM
1	438	34.752	30.902	2.231	0.09	92.48	9.75	28.993	1463.09	264.1900	10/7/2021	7:56:44 AM
1	439	34.742	30.887	2.223	0.08	92.43	9.75	28.986	1463.04	264.1300	10/7/2021	7:56:46 AM
1	440	34.740	30.883	2.220	0.09	92.42	9.75	28.984	1463.02	264.0100	10/7/2021	7:56:48 AM
1	441	34.740	30.886	2.223	0.09	92.42	9.75	28.984	1463.04	264.0900	10/7/2021	7:56:50 AM
1	442	34.743	30.887	2.222	0.11	92.51	9.75	28.987	1463.04	264.2000	10/7/2021	7:56:52 AM
1	443	34.743	30.886	2.221	0.09	92.49	9.75	28.987	1463.03	264.1300	10/7/2021	7:56:54 AM
1	444	34.739	30.888	2.227	0.09	92.43	9.75	28.983	1463.05	264.0900	10/7/2021	7:56:56 AM
1	445	34.741	30.892	2.229	0.09	92.41	9.74	28.985	1463.07	264.2400	10/7/2021	7:56:58 AM
1	446	34.741	30.891	2.228	0.08	92.43	9.75	28.985	1463.06	264.2600	10/7/2021	7:57:00 AM
1	447	34.735	30.887	2.229	0.08	92.47	9.75	28.979	1463.05	264.0100	10/7/2021	7:57:02 AM
1	448	34.733	30.886	2.230	0.09	92.48	9.75	28.975	1463.05	263.4900	10/7/2021	7:57:04 AM
1	449	34.731	30.882	2.228	0.09	92.39	9.74	28.971	1463.03	263.0600	10/7/2021	7:57:06 AM
1	450	34.731	30.881	2.227	0.09	92.39	9.74	28.969	1463.01	262.4300	10/7/2021	7:57:08 AM
1	451	34.732	30.885	2.231	0.09	92.42	9.74	28.966	1463.02	261.7400	10/7/2021	7:57:10 AM
1	452	34.729	30.885	2.234	0.10	92.38	9.74	28.961	1463.02	261.1700	10/7/2021	7:57:12 AM
1	453	34.728	30.886	2.236	0.09	92.44	9.74	28.957	1463.02	260.6500	10/7/2021	7:57:14 AM
1	454	34.726	30.883	2.235	0.09	92.39	9.74	28.953	1463.00	260.0700	10/7/2021	7:57:16 AM
1	455	34.726	30.882	2.234	0.10	92.43	9.74	28.950	1462.99	259.4300	10/7/2021	7:57:18 AM
1	456	34.718	30.873	2.231	0.09	92.34	9.74	28.942	1462.96	258.8600	10/7/2021	7:57:20 AM
1	457	34.718	30.900	2.263	0.09	92.35	9.73	28.935	1463.08	258.1800	10/7/2021	7:57:22 AM
1	458	34.723	30.917	2.278	0.09	92.40	9.73	28.935	1463.15	257.6100	10/7/2021	7:57:24 AM
1	459	34.721	30.919	2.282	0.09	92.33	9.72	28.931	1463.15	257.0500	10/7/2021	7:57:26 AM
1	460	34.722	30.946	2.312	0.09	92.43	9.73	28.926	1463.27	256.3800	10/7/2021	7:57:28 AM
1	461	34.724	30.972	2.341	0.09	92.38	9.71	28.921	1463.39	255.6300	10/7/2021	7:57:30 AM
1	462	34.728	30.991	2.359	0.09	92.51	9.72	28.921	1463.46	255.2100	10/7/2021	7:57:32 AM
1	463	34.726	30.993	2.363	0.10	92.48	9.72	28.919	1463.48	255.1700	10/7/2021	7:57:34 AM
1	464	34.730	30.998	2.365	0.12	92.52	9.72	28.920	1463.49	254.8100	10/7/2021	7:57:36 AM
1	465	34.729	31.005	2.374	0.11	92.53	9.72	28.916	1463.52	254.2400	10/7/2021	7:57:38 AM
1	466	34.728	31.013	2.385	0.09	92.53	9.72	28.912	1463.56	253.9200	10/7/2021	7:57:40 AM
1	467	34.725	31.015	2.390	0.09	92.48	9.71	28.910	1463.58	253.9900	10/7/2021	7:57:42 AM
1	468	34.729	31.022	2.394	0.09	92.50	9.71	28.912	1463.59	253.7400	10/7/2021	7:57:44 AM
1	469	34.731	31.032	2.404	0.10	92.50	9.71	28.912	1463.64	253.6900	10/7/2021	7:57:46 AM
1	470	34.729	31.025	2.397	0.11	92.66	9.73	28.913	1463.61	253.9600	10/7/2021	7:57:48 AM
1	471	34.730	31.022	2.393	0.09	92.58	9.72	28.913	1463.59	253.8800	10/7/2021	7:57:50 AM
1	472	34.731	31.030	2.401	0.08	92.59	9.72	28.912	1463.63	253.6700	10/7/2021	7:57:52 AM
1	473	34.734	31.036	2.405	0.10	92.62	9.72	28.915	1463.65	253.7700	10/7/2021	7:57:54 AM
1	474	34.734	31.030	2.399	0.09	92.58	9.72	28.915	1463.62	253.8600	10/7/2021	7:57:56 AM
1	475	34.731	31.029	2.400	0.10	92.64	9.73	28.913	1463.62	253.7400	10/7/2021	7:57:58 AM
1	476	34.733	31.034	2.404	0.09	92.62	9.72	28.914	1463.64	253.7700	10/7/2021	7:58:00 AM
1	477	34.729	31.029	2.402	0.09	92.65	9.73	28.912	1463.63	253.9100	10/7/2021	7:58:02 AM
1	478	34.725	31.026	2.402	0.09	92.62	9.72	28.908	1463.63	253.8300	10/7/2021	7:58:04 AM
1	479	34.733	31.045	2.417	0.09	92.57	9.71	28.912	1463.70	253.6100	10/7/2021	7:58:06 AM
1	480	34.730	31.048	2.423	0.11	92.67	9.72	28.909	1463.72	253.6700	10/7/2021	7:58:08 AM
1	481	34.731	31.048	2.422	0.11	92.56	9.71	28.911	1463.72	253.8900	10/7/2021	7:58:10 AM
1	482	34.731	31.046	2.420	0.09	92.63	9.72	28.910	1463.71	253.7500	10/7/2021	7:58:12 AM
1	483	34.730	31.049	2.424	0.09	92.63	9.72	28.909	1463.72	253.6700	10/7/2021	7:58:14 AM
1	484	34.732	31.050	2.423	0.10	92.62	9.72	28.912	1463.73	253.8500	10/7/2021	7:58:16 AM
1	485	34.729	31.046	2.421	0.10	92.59	9.72	28.909	1463.71	253.7500	10/7/2021	7:58:18 AM
1	486	34.739	31.056	2.424	0.11	92.56	9.71	28.916	1463.74	253.6200	10/7/2021	7:58:20 AM
1	487	34.734	31.053	2.425	0.10	92.60	9.72	28.913	1463.74	253.7800	10/7/2021	7:58:22 AM
1	488	34.730	31.050	2.425	0.10	92.69	9.72	28.910	1463.73	253.8000	10/7/2021	7:58:24 AM
1	489	34.728	31.050	2.427	0.09	92.61	9.72	28.907	1463.73	253.6500	10/7/2021	7:58:26 AM
1	490	34.732	31.056	2.430	0.09	92.64	9.72	28.910	1463.75	253.6800	10/7/2021	7:58:28 AM
1	491	34.729	31.051	2.427	0.10	92.70	9.73	28.908	1463.74	253.6900	10/7/2021	7:58:30 AM
1	492	34.728	31.055	2.433	0.09	92.64	9.72	28.907	1463.76	253.6900	10/7/2021	7:58:32 AM
1	493	34.731	31.054	2.429	0.11	92.69	9.72	28.910	1463.75	253.8400	10/7/2021	7:58:34 AM
1	494	34.729	31.049	2.425	0.09	92.74	9.73	28.909	1463.73	253.7300	10/7/2021	7:58:36 AM
1	495	34.733	31.070	2.445	0.09	92.72	9.72	28.909	1463.82	253.5400	10/7/2021	7:58:38 AM
1	496	34.727	31.070	2.451	0.10	92.72	9.72	28.904	1463.84	253.6900	10/7/2021	7:58:40 AM
1	497	34.731	31.058	2.433	0.09	92.74	9.73	28.910	1463.77	253.8600	10/7/2021	7:58:42 AM
1	498	34.732	31.053	2.427	0.09	92.66	9.72	28.910	1463.74	253.6500	10/7/2021	7:58:44 AM
1	499	34.733	31.068	2.443	0.10	92.73	9.73	28.909	1463.81	253.5900	10/7/2021	7:58:46 AM
1	500	34.735	31.063	2.435	0.09	92.74	9.73	28.913	1463.78	253.7800	10/7/2021	7:58:48 AM
1	501	34.726	31.046	2.424	0.11	92.67	9.72	28.907	1463.72	253.7700	10/7/2021	7:58:50 AM
1	502	34.734	31.059	2.432	0.09	92.64	9.72	28.911	1463.76	253.5600	10/7/2021	7:58:52 AM
1	503	34.736	31.064	2.436	0.13	92.74	9.73	28.912	1463.78	253.6200	10/7/2021	7:58:54 AM
1	504	34.729	31.049	2.425	0.08	92.72	9.73	28.909	1463.73	253.8400	10/7/2021	7:58:56 AM
1	505	34.727	31.038	2.414	0.12	92.74	9.73	28.909	1463.68	253.8500	10/7/2021	7:58:58 AM
1	506	34.728	31.048	2.425	0.09	92.65	9.72	28.907	1463.72	253.5500	10/7/2021	7:59:00 AM
1	507	34.733	31.063	2.437	0.09	92.69	9.72	28.910	1463.78	253.6000	10/7/2021	7:59:02 AM
1	508	34.725	31.048	2.427	0.10	92.70	9.73	28.906	1463.73	253.7600	10/7/2021	7:59:04 AM
1	509	34.723	31.041	2.421	0.10	92.67	9.72	28.904	1463.70	253.6900	10/7/2021	7:59:06 AM
1	510	34.730	31.045	2.419	0.10	92.65	9.72	28.910	1463.70	253.6600	10/7/2021	7:59:08 AM
1	511	34.734	31.046	2.417	0.09	92.71	9.73	28.913	1463.70	253.7900	10/7/2021	7:59:10 AM
1	512	34.728	31.036	2.411	0.10	92.63	9.72	28.909	1463.67	253.7700	10/7/2021	7:59:12 AM
1	513	34.736	31.048	2.417	0.09	92.57	9.71	28.915	1463.70	253.6300	10/7/2021	7:59:14 AM
1	514	34.733	31.064	2.438	0.14	92.61	9.71	28.910	1463.79	253.5900	10/7/2021	7:59:16 AM
1	515	34.730	31.062	2.439	0.09	92.65	9.72	28.908	1463.79	253.6500	10/7/2021	7:59:18 AM
1	516	34.730	31.057	2.433	0.09	92.70	9.72	28.909	1463.76	253.7400	10/7/2021	7:59:20 AM
1	517	34.728	31.043	2.419	0.11	92.60	9.72	28.908	1463.70	253.7500	10/7/2021	7:59:22 AM
1	518	34.732	31.050	2.423	0.11	92.65	9.72	28.911	1463.72	253.6500	10/7/2021	7:59:24 AM
1	519	34.733	31.060	2.434	0.10	92.63	9.72	28.910	1463.77	253.5900	10/7/2021	7:59:26 AM
1	520	34.732	31.063	2.438	0.09	92.61	9.71	28.909	1463.79	253.6300	10/7/2021	7:59:28 AM
1	521	34.729	31.057	2.434	0.10	92.63	9.72	28.907	1463.77	253.6200	10/7/2021	7:59:30 AM
1	522	34.728	31.052	2.429	0.09	92.73	9.73	28.908	1463.74	253.7400	10/7/2021	7:59:32 AM
1	523	34.727	31.045	2.422	0.09	92.63	9.72	28.908	1463.71	253.8000	10/7/2021	7:59:34 AM
1	524	34.730	31.049	2.424	0.09	92.67	9.72	28.909	1463.72	253.6800	10/7/2021	7:59:36 AM
1	525	34.733	31.065	2.440	0.09	92.65	9.72	28.909	1463.79	253.5200	10/7/2021	7:59:38 AM
1	526	34.729	31.068	2.447	0.10	92.63	9.71	28.906	1463.82	253.6000	10/7/2021	7:59:40 AM
1	527	34.734	31.062	2.435	0.09	92.66	9.72	28.912	1463.78	253.7000	10/7/2021	7:59:42 AM
1	528	34.730	31.055	2.431	0.10	92.68	9.72	28.909	1463.76	253.8000	10/7/2021	7:59:44 AM
1	529	34.727	31.045	2.422	0.10	92.61	9.72	28.908	1463.71	253.7700	10/7/2021	7:59:46 AM
1	530	34.729	31.050	2.426	0.09	92.63	9.72	28.908	1463.73	253.6100	10/7/2021	7:59:48 AM
1	531	34.730	31.059	2.435	0.09	92.65	9.72	28.908	1463.77	253.6200	10/7/2021	7:59:50 AM
1	532	34.728	31.055	2.433	0.10	92.68	9.72	28.907	1463.76	253.7600	10/7/2021	7:59:52 AM
1	533	34.727	31.050	2.428	0.09	92.68	9.72	28.906	1463.74	253.6900	10/7/2021	7:59:54 AM
1	534	34.731	31.063	2.439	0.11	92.68	9.72	28.909	1463.79	253.6500	10/7/2021	7:59:56 AM
1	535	34.732	31.060	2.435	0.09	92.77	9.73	28.910	1463.78	253.8600	10/7/2021	7:59:58 AM
1	536	34.729	31.054	2.431	0.09	92.71	9.73	28.908	1463.75	253.7500	10/7/2021	8:00:00 AM
1	537	34.732	31.073	2.450	0.09	92.68	9.72	28.908	1463.84	253.5700	10/7/2021	8:00:02 AM
1	538	34.730	31.072	2.450	0.10	92.74	9.72	28.908	1463.84	253.7900	10/7/2021	8:00:04 AM
1	539	34.728	31.057	2.435	0.10	92.69	9.72	28.908	1463.77	253.9000	10/7/2021	8:00:06 AM
1	540	34.730	31.077	2.456	0.09	92.72	9.72	28.906	1463.86	253.5700	10/7/2021	8:00:08 AM
1	541	34.726	31.084	2.468	0.09	92.75	9.72	28.902	1463.91	253.6600	10/7/2021	8:00:10 AM
1	542	34.730	31.076	2.455	0.09	92.77	9.73	28.907	1463.86	253.9500	10/7/2021	8:00:12 AM
1	543	34.722	31.071	2.456	0.09	92.74	9.72	28.901	1463.85	253.7600	10/7/2021	8:00:14 AM
1	544	34.728	31.087	2.469	0.08	92.76	9.72	28.903	1463.92	253.5900	10/7/2021	8:00:16 AM
1	545	34.731	31.090	2.470	0.10	92.73	9.72	28.906	1463.93	253.7300	10/7/2021	8:00:18 AM
1	546	34.725	31.079	2.463	0.09	92.80	9.73	28.902	1463.89	253.9000	10/7/2021	8:00:20 AM
1	547	34.721	31.084	2.472	0.10	92.79	9.72	28.897	1463.92	253.5600	10/7/2021	8:00:22 AM
1	548	34.728	31.110	2.496	0.10	92.88	9.73	28.897	1464.02	252.8000	10/7/2021	8:00:24 AM
1	549	34.724	31.125	2.517	0.09	92.86	9.72	28.889	1464.09	252.1500	10/7/2021	8:00:26 AM
1	550	34.731	31.177	2.570	0.10	92.97	9.72	28.886	1464.32	251.3500	10/7/2021	8:00:28 AM
1	551	34.731	31.198	2.595	0.09	93.04	9.72	28.878	1464.41	250.3500	10/7/2021	8:00:30 AM
1	552	34.733	31.209	2.606	0.09	93.14	9.73	28.875	1464.45	249.4900	10/7/2021	8:00:32 AM
1	553	34.728	31.207	2.608	0.09	93.16	9.73	28.868	1464.44	248.7000	10/7/2021	8:00:34 AM
1	554	34.730	31.215	2.616	0.09	93.17	9.73	28.864	1464.46	247.7500	10/7/2021	8:00:36 AM
1	555	34.731	31.216	2.617	0.09	93.26	9.74	28.860	1464.45	246.7200	10/7/2021	8:00:38 AM
1	556	34.727	31.213	2.618	0.09	93.29	9.74	28.852	1464.43	245.8000	10/7/2021	8:00:40 AM
1	557	34.730	31.217	2.620	0.09	93.32	9.74	28.850	1464.43	244.9200	10/7/2021	8:00:42 AM
1	558	34.728	31.217	2.622	0.08	93.31	9.74	28.844	1464.42	243.8600	10/7/2021	8:00:44 AM
1	559	34.734	31.221	2.622	0.09	93.37	9.75	28.843	1464.41	242.7800	10/7/2021	8:00:46 AM
1	560	34.731	31.227	2.632	0.09	93.42	9.75	28.836	1464.43	241.8500	10/7/2021	8:00:48 AM
1	561	34.711	31.233	2.658	0.11	93.50	9.76	28.812	1464.50	240.8200	10/7/2021	8:00:50 AM
1	562	34.716	31.295	2.724	0.09	93.52	9.74	28.806	1464.77	239.8300	10/7/2021	8:00:52 AM
1	563	34.760	31.479	2.893	0.08	93.60	9.70	28.819	1465.54	238.7600	10/7/2021	8:00:54 AM
1	564	34.728	31.540	2.992	0.08	94.04	9.73	28.780	1465.90	237.6900	10/7/2021	8:00:56 AM
1	565	34.765	31.616	3.045	0.09	94.04	9.71	28.799	1466.16	236.8400	10/7/2021	8:00:58 AM
1	566	34.760	31.645	3.083	0.08	94.20	9.72	28.787	1466.30	235.8200	10/7/2021	8:01:00 AM
1	567	34.755	31.658	3.103	0.09	94.49	9.75	28.775	1466.36	234.6200	10/7/2021	8:01:02 AM
1	568	34.767	31.698	3.137	0.08	94.28	9.72	28.777	1466.51	233.6000	10/7/2021	8:01:04 AM
1	569	34.760	31.715	3.163	0.09	94.27	9.71	28.765	1466.59	232.7600	10/7/2021	8:01:06 AM
1	570	34.755	31.736	3.192	0.09	94.23	9.70	28.753	1466.69	231.6800	10/7/2021	8:01:08 AM
1	571	34.759	31.760	3.216	0.10	94.43	9.71	28.749	1466.78	230.6400	10/7/2021	8:01:10 AM
1	572	34.756	31.779	3.241	0.08	94.42	9.71	28.740	1466.87	229.6900	10/7/2021	8:01:12 AM
1	573	34.761	31.801	3.262	0.08	94.42	9.70	28.736	1466.95	228.6700	10/7/2021	8:01:14 AM
1	574	34.749	31.804	3.277	0.12	94.43	9.70	28.720	1466.98	227.5200	10/7/2021	8:01:16 AM
1	575	34.758	31.880	3.355	0.08	94.47	9.68	28.715	1467.31	226.5900	10/7/2021	8:01:18 AM
1	576	34.828	32.139	3.582	0.08	94.51	9.63	28.743	1468.34	225.6400	10/7/2021	8:01:20 AM
1	577	34.801	32.242	3.723	0.08	95.00	9.65	28.701	1468.88	224.5000	10/7/2021	8:01:22 AM
1	578	34.812	32.324	3.806	0.08	94.93	9.62	28.696	1469.22	223.5200	10/7/2021	8:01:24 AM
1	579	34.810	32.377	3.867	0.09	94.70	9.58	28.684	1469.46	222.5300	10/7/2021	8:01:26 AM
1	580	34.822	32.424	3.909	0.08	94.48	9.55	28.684	1469.63	221.4400	10/7/2021	8:01:28 AM
1	581	34.867	32.626	4.094	0.09	94.36	9.49	28.694	1470.45	220.4100	10/7/2021	8:01:30 AM
1	582	34.855	32.649	4.131	0.08	93.92	9.44	28.676	1470.57	219.3800	10/7/2021	8:01:32 AM
1	583	34.845	32.659	4.152	0.08	94.01	9.45	28.661	1470.63	218.3700	10/7/2021	8:01:34 AM
1	584	34.852	32.680	4.170	0.09	93.59	9.40	28.659	1470.69	217.3400	10/7/2021	8:01:36 AM
1	585	34.856	32.713	4.203	0.08	93.25	9.36	28.654	1470.82	216.1800	10/7/2021	8:01:38 AM
1	586	34.869	32.759	4.243	0.09	93.07	9.33	28.655	1470.98	215.2800	10/7/2021	8:01:40 AM
1	587	34.853	32.749	4.247	0.09	93.01	9.32	28.638	1470.96	214.2800	10/7/2021	8:01:42 AM
1	588	34.864	32.778	4.270	0.08	92.99	9.32	28.638	1471.05	213.1300	10/7/2021	8:01:44 AM
1	589	34.862	32.774	4.268	0.09	92.99	9.32	28.632	1471.03	212.1500	10/7/2021	8:01:46 AM
1	590	34.855	32.780	4.282	0.08	92.82	9.30	28.621	1471.06	211.1900	10/7/2021	8:01:48 AM
1	591	34.867	32.798	4.291	0.09	92.98	9.31	28.624	1471.09	210.1300	10/7/2021	8:01:50 AM
1	592	34.867	32.795	4.288	0.08	92.70	9.28	28.620	1471.07	209.1300	10/7/2021	8:01:52 AM
1	593	34.858	32.780	4.280	0.09	92.69	9.29	28.609	1471.00	208.0300	10/7/2021	8:01:54 AM
1	594	34.864	32.786	4.282	0.10	92.65	9.28	28.608	1471.00	206.9300	10/7/2021	8:01:56 AM
1	595	34.864	32.789	4.286	0.11	92.77	9.29	28.603	1471.00	205.9300	10/7/2021	8:01:58 AM
1	596	34.864	32.788	4.285	0.08	92.80	9.29	28.599	1470.98	204.9900	10/7/2021	8:02:00 AM
1	597	34.859	32.780	4.282	0.11	92.65	9.28	28.590	1470.94	203.9200	10/7/2021	8:02:02 AM
1	598	34.862	32.784	4.284	0.09	92.77	9.29	28.587	1470.94	202.7900	10/7/2021	8:02:04 AM
1	599	34.861	32.782	4.283	0.09	92.66	9.28	28.582	1470.92	201.8200	10/7/2021	8:02:06 AM
1	600	34.858	32.782	4.286	0.09	92.73	9.29	28.575	1470.91	200.8400	10/7/2021	8:02:08 AM
1	601	34.864	32.791	4.291	0.09	92.78	9.29	28.575	1470.92	199.8400	10/7/2021	8:02:10 AM
1	602	34.868	32.782	4.278	0.09	92.74	9.29	28.574	1470.85	198.6800	10/7/2021	8:02:12 AM
1	603	34.867	32.784	4.282	0.09	92.72	9.29	28.567	1470.85	197.5900	10/7/2021	8:02:14 AM
1	604	34.859	32.776	4.281	0.09	92.74	9.29	28.557	1470.82	196.6700	10/7/2021	8:02:16 AM
1	605	34.862	32.778	4.281	0.09	92.69	9.28	28.554	1470.81	195.6100	10/7/2021	8:02:18 AM
1	606	34.859	32.766	4.271	0.09	92.72	9.29	28.548	1470.75	194.5700	10/7/2021	8:02:20 AM
1	607	34.852	32.751	4.261	0.10	92.71	9.29	28.539	1470.68	193.5400	10/7/2021	8:02:22 AM
1	608	34.856	32.749	4.256	0.10	92.77	9.30	28.537	1470.64	192.4300	10/7/2021	8:02:24 AM
1	609	34.851	32.749	4.261	0.08	92.77	9.30	28.528	1470.64	191.4100	10/7/2021	8:02:26 AM
1	610	34.852	32.759	4.272	0.09	92.88	9.31	28.523	1470.67	190.4300	10/7/2021	8:02:28 AM
1	611	34.856	32.749	4.257	0.09	92.83	9.30	28.524	1470.60	189.3700	10/7/2021	8:02:30 AM
1	612	34.859	32.725	4.228	0.09	92.88	9.32	28.524	1470.46	188.2700	10/7/2021	8:02:32 AM
1	613	34.832	32.658	4.179	0.09	92.87	9.33	28.504	1470.21	187.2800	10/7/2021	8:02:34 AM
1	614	34.838	32.647	4.162	0.10	92.93	9.34	28.505	1470.13	186.3000	10/7/2021	8:02:36 AM
1	615	34.843	32.651	4.162	0.09	92.93	9.34	28.505	1470.12	185.2300	10/7/2021	8:02:38 AM
1	616	34.839	32.662	4.179	0.09	93.00	9.34	28.494	1470.17	184.1100	10/7/2021	8:02:40 AM
1	617	34.847	32.717	4.233	0.10	93.06	9.33	28.490	1470.38	183.0400	10/7/2021	8:02:42 AM
1	618	34.843	32.743	4.266	0.11	93.16	9.34	28.479	1470.50	182.1500	10/7/2021	8:02:44 AM
1	619	34.861	32.787	4.299	0.09	93.22	9.33	28.485	1470.65	181.1800	10/7/2021	8:02:46 AM
1	620	34.854	32.793	4.313	0.09	93.22	9.33	28.472	1470.67	179.8800	10/7/2021	8:02:48 AM
1	621	34.857	32.803	4.322	0.11	93.05	9.31	28.468	1470.70	178.7500	10/7/2021	8:02:50 AM
1	622	34.866	32.850	4.366	0.09	93.06	9.30	28.466	1470.88	177.9400	10/7/2021	8:02:52 AM
1	623	34.862	32.854	4.375	0.09	92.92	9.29	28.457	1470.89	176.9700	10/7/2021	8:02:54 AM
1	624	34.859	32.855	4.379	0.09	92.99	9.29	28.450	1470.89	175.8500	10/7/2021	8:02:56 AM
1	625	34.864	32.870	4.392	0.09	92.92	9.28	28.447	1470.93	174.8000	10/7/2021	8:02:58 AM
1	626	34.855	32.851	4.380	0.09	92.88	9.28	28.437	1470.85	173.8000	10/7/2021	8:03:00 AM
1	627	34.851	32.853	4.386	0.09	92.88	9.28	28.429	1470.86	172.8400	10/7/2021	8:03:02 AM
1	628	34.858	32.866	4.395	0.09	92.85	9.28	28.428	1470.88	171.7600	10/7/2021	8:03:04 AM
1	629	34.859	32.875	4.404	0.10	92.78	9.27	28.423	1470.90	170.6800	10/7/2021	8:03:06 AM
1	630	34.858	32.875	4.406	0.10	92.87	9.28	28.417	1470.89	169.6300	10/7/2021	8:03:08 AM
1	631	34.855	32.865	4.398	0.10	92.87	9.28	28.411	1470.84	168.5700	10/7/2021	8:03:10 AM
1	632	34.851	32.860	4.397	0.09	92.97	9.29	28.402	1470.81	167.5300	10/7/2021	8:03:12 AM
1	633	34.857	32.870	4.403	0.09	92.85	9.27	28.402	1470.83	166.6200	10/7/2021	8:03:14 AM
1	634	34.853	32.859	4.395	0.10	92.93	9.28	28.395	1470.78	165.6000	10/7/2021	8:03:16 AM
1	635	34.854	32.855	4.390	0.10	92.93	9.28	28.391	1470.74	164.4300	10/7/2021	8:03:18 AM
1	636	34.849	32.845	4.384	0.10	92.96	9.29	28.383	1470.69	163.3900	10/7/2021	8:03:20 AM
1	637	34.845	32.837	4.379	0.12	93.03	9.30	28.376	1470.65	162.4000	10/7/2021	8:03:22 AM
1	638	34.842	32.830	4.375	0.12	93.07	9.30	28.369	1470.61	161.2700	10/7/2021	8:03:24 AM
1	639	34.839	32.827	4.375	0.11	93.14	9.31	28.362	1470.59	160.3700	10/7/2021	8:03:26 AM
1	640	34.835	32.826	4.378	0.09	93.28	9.32	28.355	1470.58	159.4500	10/7/2021	8:03:28 AM
1	641	34.803	32.764	4.340	0.10	93.24	9.33	28.328	1470.36	158.2600	10/7/2021	8:03:30 AM
1	642	34.835	32.749	4.293	0.09	93.39	9.35	28.354	1470.19	157.0900	10/7/2021	8:03:32 AM
1	643	34.812	32.699	4.260	0.09	93.47	9.37	28.335	1470.01	156.3100	10/7/2021	8:03:34 AM
1	644	34.816	32.690	4.246	0.09	93.63	9.39	28.336	1469.95	155.3800	10/7/2021	8:03:36 AM
1	645	34.809	32.670	4.231	0.10	93.65	9.40	28.326	1469.85	154.1300	10/7/2021	8:03:38 AM
1	646	34.800	32.655	4.224	0.09	93.74	9.41	28.314	1469.79	153.0300	10/7/2021	8:03:40 AM
1	647	34.810	32.646	4.205	0.10	93.85	9.42	28.320	1469.71	152.1100	10/7/2021	8:03:42 AM
1	648	34.798	32.623	4.191	0.09	93.93	9.43	28.307	1469.62	151.1700	10/7/2021	8:03:44 AM
1	649	34.799	32.618	4.185	0.11	94.05	9.45	28.304	1469.58	150.0300	10/7/2021	8:03:46 AM
1	650	34.800	32.627	4.194	0.10	94.05	9.44	28.299	1469.60	148.9800	10/7/2021	8:03:48 AM
1	651	34.792	32.626	4.201	0.11	94.13	9.45	28.287	1469.61	147.9400	10/7/2021	8:03:50 AM
1	652	34.784	32.586	4.165	0.10	94.22	9.47	28.279	1469.43	146.8800	10/7/2021	8:03:52 AM
1	653	34.772	32.562	4.150	0.10	94.22	9.47	28.267	1469.34	146.0000	10/7/2021	8:03:54 AM
1	654	34.786	32.591	4.169	0.11	94.28	9.47	28.272	1469.42	144.8900	10/7/2021	8:03:56 AM
1	655	34.782	32.591	4.174	0.15	94.32	9.48	28.262	1469.41	143.7900	10/7/2021	8:03:58 AM
1	656	34.784	32.602	4.185	0.11	94.60	9.50	28.258	1469.44	142.7400	10/7/2021	8:04:00 AM
1	657	34.788	32.613	4.194	0.11	94.63	9.50	28.256	1469.47	141.8300	10/7/2021	8:04:02 AM
1	658	34.784	32.619	4.205	0.10	94.74	9.51	28.247	1469.50	140.8000	10/7/2021	8:04:04 AM
1	659	34.789	32.637	4.221	0.11	94.72	9.51	28.244	1469.55	139.7100	10/7/2021	8:04:06 AM
1	660	34.787	32.639	4.225	0.12	94.69	9.50	28.237	1469.55	138.6400	10/7/2021	8:04:08 AM
1	661	34.789	32.641	4.226	0.11	94.71	9.50	28.234	1469.54	137.6300	10/7/2021	8:04:10 AM
1	662	34.782	32.624	4.214	0.11	94.73	9.51	28.226	1469.46	136.6800	10/7/2021	8:04:12 AM
1	663	34.768	32.598	4.199	0.10	94.68	9.51	28.211	1469.36	135.5400	10/7/2021	8:04:14 AM
1	664	34.769	32.592	4.192	0.10	94.70	9.51	28.207	1469.32	134.4800	10/7/2021	8:04:16 AM
1	665	34.781	32.623	4.216	0.10	94.75	9.51	28.209	1469.42	133.5100	10/7/2021	8:04:18 AM
1	666	34.780	32.646	4.243	0.11	94.83	9.51	28.201	1469.51	132.5300	10/7/2021	8:04:20 AM
1	667	34.777	32.661	4.263	0.11	94.95	9.52	28.192	1469.57	131.4100	10/7/2021	8:04:22 AM
1	668	34.778	32.642	4.241	0.11	95.09	9.54	28.190	1469.47	130.3900	10/7/2021	8:04:24 AM
1	669	34.757	32.549	4.158	0.12	94.94	9.55	28.178	1469.08	129.4200	10/7/2021	8:04:26 AM
1	670	34.745	32.522	4.139	0.11	94.91	9.55	28.166	1468.97	128.3400	10/7/2021	8:04:28 AM
1	671	34.740	32.514	4.136	0.10	95.03	9.56	28.157	1468.93	127.3000	10/7/2021	8:04:30 AM
1	672	34.766	32.535	4.135	0.11	95.14	9.57	28.173	1468.94	126.2000	10/7/2021	8:04:32 AM
1	673	34.796	32.448	4.010	0.12	95.21	9.60	28.205	1468.44	125.1600	10/7/2021	8:04:34 AM
1	674	34.675	32.197	3.843	0.12	95.26	9.66	28.122	1467.58	124.2000	10/7/2021	8:04:36 AM
1	675	34.681	32.164	3.800	0.11	94.99	9.64	28.127	1467.39	123.2400	10/7/2021	8:04:38 AM
1	676	34.684	32.157	3.790	0.11	95.71	9.71	28.126	1467.33	122.2900	10/7/2021	8:04:40 AM
1	677	34.685	32.154	3.786	0.12	96.10	9.75	28.123	1467.30	121.3900	10/7/2021	8:04:42 AM
1	678	34.698	32.117	3.733	0.11	96.32	9.79	28.134	1467.08	120.3000	10/7/2021	8:04:44 AM
1	679	34.667	32.066	3.705	0.11	96.38	9.80	28.107	1466.91	119.2600	10/7/2021	8:04:46 AM
1	680	34.667	32.060	3.699	0.12	96.60	9.83	28.103	1466.87	118.2800	10/7/2021	8:04:48 AM
1	681	34.653	32.021	3.669	0.11	96.62	9.84	28.090	1466.70	117.2300	10/7/2021	8:04:50 AM
1	682	34.630	31.963	3.625	0.12	96.74	9.86	28.072	1466.47	116.2300	10/7/2021	8:04:52 AM
1	683	34.638	31.998	3.658	0.11	97.00	9.88	28.070	1466.60	115.0900	10/7/2021	8:04:54 AM
1	684	34.633	32.018	3.686	0.12	97.32	9.91	28.057	1466.70	113.9700	10/7/2021	8:04:56 AM
1	685	34.634	32.046	3.717	0.11	97.56	9.92	28.051	1466.81	113.0000	10/7/2021	8:04:58 AM
1	686	34.633	32.098	3.777	0.12	97.66	9.92	28.039	1467.05	112.0100	10/7/2021	8:05:00 AM
1	687	34.647	32.209	3.889	0.12	97.72	9.90	28.034	1467.52	110.9500	10/7/2021	8:05:02 AM
1	688	34.660	32.325	4.008	0.14	98.01	9.90	28.026	1468.01	109.7700	10/7/2021	8:05:04 AM
1	689	34.634	32.395	4.112	0.14	98.00	9.87	27.989	1468.39	108.7200	10/7/2021	8:05:06 AM
1	690	34.664	32.565	4.275	0.14	98.00	9.83	27.990	1469.09	107.7500	10/7/2021	8:05:08 AM
1	691	34.731	32.835	4.514	0.14	98.13	9.78	28.012	1470.14	106.6700	10/7/2021	8:05:10 AM
1	692	34.698	32.889	4.606	0.13	98.10	9.76	27.971	1470.46	105.6000	10/7/2021	8:05:12 AM
1	693	34.675	32.798	4.527	0.16	97.81	9.75	27.956	1470.09	104.5700	10/7/2021	8:05:14 AM
1	694	34.696	32.747	4.450	0.14	97.33	9.72	27.977	1469.78	103.4600	10/7/2021	8:05:16 AM
1	695	34.663	32.692	4.421	0.14	97.00	9.70	27.949	1469.60	102.4000	10/7/2021	8:05:18 AM
1	696	34.703	32.682	4.372	0.15	96.90	9.70	27.982	1469.44	101.4100	10/7/2021	8:05:20 AM
1	697	34.599	32.367	4.118	0.14	96.82	9.75	27.922	1468.23	100.3700	10/7/2021	8:05:22 AM
1	698	34.511	32.211	4.026	0.16	96.79	9.78	27.857	1467.72	99.1900	10/7/2021	8:05:24 AM
1	699	34.603	32.401	4.154	0.14	97.13	9.78	27.910	1468.35	98.1100	10/7/2021	8:05:26 AM
1	700	34.576	32.381	4.157	0.15	97.56	9.82	27.885	1468.32	97.2000	10/7/2021	8:05:28 AM
1	701	34.577	32.429	4.211	0.14	97.60	9.81	27.875	1468.52	96.1900	10/7/2021	8:05:30 AM
1	702	34.575	32.483	4.274	0.16	97.81	9.82	27.861	1468.76	95.0300	10/7/2021	8:05:32 AM
1	703	34.591	32.542	4.326	0.17	97.89	9.81	27.862	1468.98	93.9200	10/7/2021	8:05:34 AM
1	704	34.575	32.587	4.392	0.15	98.09	9.82	27.838	1469.22	92.8900	10/7/2021	8:05:36 AM
1	705	34.600	32.690	4.484	0.15	98.16	9.80	27.843	1469.61	91.9700	10/7/2021	8:05:38 AM
1	706	34.602	32.724	4.521	0.17	98.22	9.80	27.836	1469.75	90.8800	10/7/2021	8:05:40 AM
1	707	34.604	32.745	4.543	0.17	98.15	9.79	27.829	1469.82	89.6200	10/7/2021	8:05:42 AM
1	708	34.609	32.796	4.596	0.17	98.01	9.76	27.823	1470.03	88.7100	10/7/2021	8:05:44 AM
1	709	34.599	32.819	4.632	0.16	97.99	9.75	27.806	1470.15	87.7500	10/7/2021	8:05:46 AM
1	710	34.605	32.838	4.648	0.18	98.06	9.75	27.804	1470.20	86.5800	10/7/2021	8:05:48 AM
1	711	34.608	32.843	4.651	0.18	97.99	9.75	27.801	1470.20	85.4600	10/7/2021	8:05:50 AM
1	712	34.604	32.844	4.656	0.20	97.88	9.73	27.793	1470.20	84.4900	10/7/2021	8:05:52 AM
1	713	34.643	33.013	4.808	0.18	97.99	9.71	27.802	1470.86	83.4800	10/7/2021	8:05:54 AM
1	714	34.683	33.238	5.021	0.19	98.26	9.68	27.803	1471.76	82.3500	10/7/2021	8:05:56 AM
1	715	34.638	33.250	5.078	0.18	98.38	9.68	27.756	1471.91	81.2700	10/7/2021	8:05:58 AM
1	716	34.680	33.394	5.199	0.19	98.28	9.64	27.769	1472.44	80.1900	10/7/2021	8:06:00 AM
1	717	34.637	33.413	5.262	0.20	98.28	9.63	27.723	1472.62	79.1900	10/7/2021	8:06:02 AM
1	718	34.669	33.449	5.271	0.20	98.43	9.64	27.743	1472.68	78.1700	10/7/2021	8:06:04 AM
1	719	34.744	33.471	5.224	0.20	98.35	9.64	27.803	1472.57	77.0900	10/7/2021	8:06:06 AM
1	720	34.551	32.585	4.421	0.17	98.05	9.81	27.738	1469.03	76.0000	10/7/2021	8:06:08 AM
1	721	34.514	32.392	4.240	0.15	97.30	9.78	27.723	1468.22	74.9600	10/7/2021	8:06:10 AM
1	722	34.482	32.264	4.127	0.14	96.92	9.77	27.704	1467.69	73.8400	10/7/2021	8:06:12 AM
1	723	34.478	32.279	4.148	0.14	97.50	9.82	27.694	1467.75	72.7300	10/7/2021	8:06:14 AM
1	724	34.464	32.289	4.173	0.16	98.35	9.90	27.676	1467.82	71.7900	10/7/2021	8:06:16 AM
1	725	34.500	32.313	4.166	0.16	98.56	9.92	27.701	1467.82	70.8000	10/7/2021	8:06:18 AM
1	726	34.464	32.281	4.165	0.14	98.98	9.97	27.667	1467.75	69.5600	10/7/2021	8:06:20 AM
1	727	34.429	32.228	4.139	0.14	99.10	9.99	27.636	1467.58	68.4500	10/7/2021	8:06:22 AM
1	728	34.444	32.293	4.199	0.16	99.20	9.98	27.637	1467.83	67.5000	10/7/2021	8:06:24 AM
1	729	34.420	32.276	4.203	0.16	99.42	10.01	27.613	1467.80	66.4100	10/7/2021	8:06:26 AM
1	730	34.420	32.269	4.196	0.14	99.45	10.01	27.608	1467.76	65.3500	10/7/2021	8:06:28 AM
1	731	34.418	32.279	4.210	0.16	99.43	10.01	27.600	1467.79	64.2900	10/7/2021	8:06:30 AM
1	732	34.412	32.334	4.278	0.15	99.33	9.98	27.583	1468.05	63.1800	10/7/2021	8:06:32 AM
1	733	34.437	32.420	4.352	0.15	99.49	9.98	27.590	1468.37	62.0700	10/7/2021	8:06:34 AM
1	734	34.429	32.419	4.359	0.18	99.45	9.97	27.578	1468.37	61.0800	10/7/2021	8:06:36 AM
1	735	34.401	32.343	4.300	0.15	99.25	9.97	27.558	1468.08	60.0800	10/7/2021	8:06:38 AM
1	736	34.402	32.322	4.276	0.17	99.02	9.95	27.556	1467.96	58.9000	10/7/2021	8:06:40 AM
1	737	34.374	32.266	4.240	0.15	98.99	9.96	27.532	1467.76	57.7800	10/7/2021	8:06:42 AM
1	738	34.359	32.255	4.243	0.18	99.05	9.96	27.515	1467.73	56.8100	10/7/2021	8:06:44 AM
1	739	34.358	32.269	4.260	0.14	99.03	9.96	27.508	1467.78	55.7200	10/7/2021	8:06:46 AM
1	740	34.351	32.268	4.266	0.17	99.10	9.96	27.496	1467.78	54.5800	10/7/2021	8:06:48 AM
1	741	34.345	32.282	4.288	0.16	99.17	9.97	27.484	1467.85	53.5500	10/7/2021	8:06:50 AM
1	742	34.342	32.290	4.301	0.18	99.13	9.96	27.476	1467.88	52.5700	10/7/2021	8:06:52 AM
1	743	34.335	32.289	4.307	0.14	99.13	9.96	27.464	1467.88	51.4000	10/7/2021	8:06:54 AM
1	744	34.335	32.304	4.324	0.16	99.16	9.96	27.458	1467.93	50.3400	10/7/2021	8:06:56 AM
1	745	34.330	32.300	4.325	0.14	99.09	9.95	27.449	1467.91	49.4500	10/7/2021	8:06:58 AM
1	746	34.319	32.295	4.331	0.19	99.14	9.96	27.434	1467.91	48.2800	10/7/2021	8:07:00 AM
1	747	34.300	32.309	4.365	0.15	99.03	9.94	27.410	1468.00	47.0200	10/7/2021	8:07:02 AM
1	748	34.283	32.310	4.383	0.16	99.05	9.94	27.390	1468.04	46.0900	10/7/2021	8:07:04 AM
1	749	34.265	32.281	4.368	0.17	99.01	9.94	27.373	1467.94	45.1800	10/7/2021	8:07:06 AM
1	750	34.266	32.272	4.358	0.19	98.89	9.93	27.369	1467.88	43.9600	10/7/2021	8:07:08 AM
1	751	34.259	32.259	4.350	0.18	98.85	9.93	27.360	1467.82	42.8600	10/7/2021	8:07:10 AM
1	752	34.251	32.232	4.328	0.18	98.75	9.92	27.351	1467.70	41.8000	10/7/2021	8:07:12 AM
1	753	34.241	32.214	4.318	0.17	98.73	9.92	27.339	1467.63	40.7900	10/7/2021	8:07:14 AM
1	754	34.244	32.213	4.314	0.17	98.74	9.92	27.337	1467.60	39.8000	10/7/2021	8:07:16 AM
1	755	34.241	32.200	4.303	0.16	98.64	9.92	27.330	1467.53	38.5900	10/7/2021	8:07:18 AM
1	756	34.224	32.149	4.262	0.17	98.63	9.93	27.316	1467.32	37.4100	10/7/2021	8:07:20 AM
1	757	34.208	32.106	4.229	0.17	98.57	9.93	27.303	1467.15	36.5200	10/7/2021	8:07:22 AM
1	758	34.170	32.052	4.205	0.16	98.66	9.95	27.270	1466.98	35.5300	10/7/2021	8:07:24 AM
1	759	34.152	32.024	4.191	0.16	98.56	9.94	27.252	1466.88	34.2800	10/7/2021	8:07:26 AM
1	760	34.147	32.014	4.185	0.16	98.46	9.93	27.243	1466.83	33.1300	10/7/2021	8:07:28 AM
1	761	34.151	31.998	4.164	0.17	98.56	9.95	27.244	1466.74	32.2500	10/7/2021	8:07:30 AM
1	762	34.117	31.947	4.139	0.14	98.51	9.95	27.215	1466.57	31.1700	10/7/2021	8:07:32 AM
1	763	34.106	31.923	4.123	0.16	98.45	9.95	27.202	1466.47	29.9400	10/7/2021	8:07:34 AM
1	764	34.092	31.914	4.126	0.15	98.56	9.96	27.186	1466.45	28.9400	10/7/2021	8:07:36 AM
1	765	34.087	31.914	4.132	0.15	98.66	9.97	27.176	1466.45	27.9200	10/7/2021	8:07:38 AM
1	766	34.058	31.867	4.107	0.14	98.76	9.99	27.151	1466.29	26.8200	10/7/2021	8:07:40 AM
1	767	34.043	31.813	4.060	0.15	98.91	10.02	27.139	1466.06	25.7200	10/7/2021	8:07:42 AM
1	768	34.018	31.769	4.034	0.15	98.86	10.02	27.117	1465.90	24.7600	10/7/2021	8:07:44 AM
1	769	34.002	31.748	4.026	0.15	98.84	10.02	27.100	1465.83	23.6400	10/7/2021	8:07:46 AM
1	770	33.998	31.743	4.025	0.13	98.92	10.03	27.092	1465.80	22.4700	10/7/2021	8:07:48 AM
1	771	33.963	31.709	4.021	0.15	99.02	10.04	27.059	1465.72	21.5000	10/7/2021	8:07:50 AM
1	772	33.958	31.703	4.019	0.14	99.09	10.05	27.051	1465.69	20.5000	10/7/2021	8:07:52 AM
1	773	33.963	31.707	4.019	0.15	99.18	10.06	27.050	1465.68	19.3100	10/7/2021	8:07:54 AM
1	774	33.971	31.712	4.018	0.16	99.17	10.06	27.051	1465.67	18.1900	10/7/2021	8:07:56 AM
1	775	33.935	31.684	4.021	0.15	99.21	10.06	27.017	1465.62	17.2400	10/7/2021	8:07:58 AM
1	776	33.897	31.647	4.016	0.15	99.21	10.07	26.983	1465.53	16.2000	10/7/2021	8:08:00 AM
1	777	33.709	31.457	3.980	0.19	99.21	10.09	26.832	1465.12	15.0000	10/7/2021	8:08:02 AM
1	778	33.422	31.183	3.944	0.21	99.07	10.10	26.601	1464.58	13.8600	10/7/2021	8:08:04 AM
1	779	33.347	31.093	3.913	0.33	99.04	10.11	26.540	1464.34	12.8800	10/7/2021	8:08:06 AM
1	780	33.349	31.088	3.906	0.34	99.08	10.12	26.538	1464.29	11.8200	10/7/2021	8:08:08 AM
1	781	33.347	31.086	3.906	0.38	99.10	10.12	26.531	1464.27	10.6600	10/7/2021	8:08:10 AM
1	782	33.349	31.086	3.905	0.35	99.31	10.14	26.527	1464.25	9.6000	10/7/2021	8:08:12 AM
1	783	33.348	31.087	3.907	0.29	99.40	10.15	26.522	1464.25	8.6800	10/7/2021	8:08:14 AM
1	784	33.351	31.086	3.904	0.30	99.41	10.15	26.519	1464.22	7.4400	10/7/2021	8:08:16 AM
1	785	33.351	31.087	3.906	0.31	99.48	10.16	26.514	1464.21	6.4700	10/7/2021	8:08:18 AM
1	786	33.351	31.086	3.905	0.30	99.52	10.16	26.509	1464.19	5.3600	10/7/2021	8:08:20 AM
1	787	33.350	31.084	3.904	0.32	99.48	10.16	26.504	1464.16	4.3300	10/7/2021	8:08:22 AM
1	788	33.350	31.084	3.905	0.30	99.48	10.16	26.499	1464.15	3.5200	10/7/2021	8:08:24 AM
1	789	33.351	31.084	3.904	0.29	99.53	10.16	26.497	1464.14	2.7300	10/7/2021	8:08:26 AM
1	790	33.350	31.082	3.903	0.30	99.61	10.17	26.492	1464.12	1.8000	10/7/2021	8:08:28 AM
1	791	33.351	31.083	3.904	0.29	99.50	10.16	26.490	1464.12	1.4200	10/7/2021	8:08:30 AM
1	792	33.351	31.083	3.904	0.33	99.51	10.16	26.487	1464.10	0.6200	10/7/2021	8:08:32 AM
1	793	33.372	31.054	3.850	0.30	99.54	10.18	26.506	1463.90	0.0300	10/7/2021	8:08:34 AM
1	794	0.000	0.000	3.150	0.08	99.41	12.97	-0.030	1417.69	0.0400	10/7/2021	8:08:36 AM
1	795	0.000	0.000	2.300	0.08	98.84	13.20	-0.048	1413.67	0.0400	10/7/2021	8:08:38 AM
1	796	0.000	0.000	1.851	0.08	98.46	13.31	-0.062	1411.52	0.0400	10/7/2021	8:08:40 AM
1	797	0.000	0.000	1.593	0.08	98.48	13.40	-0.072	1410.27	0.0400	10/7/2021	8:08:42 AM
1	798	0.000	0.000	1.361	0.08	98.14	13.44	-0.081	1409.14	0.0400	10/7/2021	8:08:44 AM
1	799	0.000	0.000	1.197	0.08	97.63	13.43	-0.089	1408.34	0.0500	10/7/2021	8:08:46 AM
1	800	0.000	0.000	1.024	0.08	98.55	13.63	-0.097	1407.49	0.0300	10/7/2021	8:08:48 AM
1	801	0.000	0.000	0.959	0.08	98.63	13.66	-0.100	1407.17	0.0400	10/7/2021	8:08:50 AM
1	802	0.000	0.000	0.725	0.09	99.11	13.82	-0.113	1406.01	0.0400	10/7/2021	8:08:52 AM
1	803	0.000	0.000	0.815	0.08	99.36	13.82	-0.108	1406.46	0.0400	10/7/2021	8:08:54 AM
1	804	0.000	0.000	0.990	0.08	99.60	13.78	-0.099	1407.32	0.0300	10/7/2021	8:08:56 AM
1	805	0.000	0.000	1.116	0.09	99.67	13.75	-0.093	1407.94	0.0400	10/7/2021	8:08:58 AM
1	806	0.000	0.000	1.197	0.08	99.57	13.70	-0.089	1408.34	0.0300	10/7/2021	8:09:00 AM
1	807	0.000	0.000	1.287	0.09	99.57	13.67	-0.085	1408.78	0.0300	10/7/2021	8:09:02 AM
1	808	0.000	0.000	1.373	0.08	99.36	13.61	-0.081	1409.20	0.0300	10/7/2021	8:09:04 AM
1	809	0.000	0.000	1.441	0.09	99.37	13.58	-0.078	1409.53	0.0200	10/7/2021	8:09:06 AM
1	810	0.000	0.000	1.486	0.09	99.29	13.55	-0.076	1409.75	0.0200	10/7/2021	8:09:08 AM
1	811	0.000	0.000	1.504	0.08	99.65	13.60	-0.075	1409.83	0.0400	10/7/2021	8:09:10 AM
1	812	0.000	0.000	1.575	0.08	99.41	13.54	-0.072	1410.18	0.0300	10/7/2021	8:09:12 AM
1	813	0.000	0.000	1.647	0.08	99.35	13.50	-0.070	1410.53	0.0300	10/7/2021	8:09:14 AM
1	814	0.000	0.000	1.697	0.08	99.48	13.50	-0.068	1410.77	0.0200	10/7/2021	8:09:16 AM
1	815	0.000	0.000	1.735	0.08	99.50	13.49	-0.066	1410.95	0.0200	10/7/2021	8:09:18 AM
1	816	0.000	0.000	1.715	0.08	99.34	13.48	-0.067	1410.86	0.0300	10/7/2021	8:09:20 AM
1	817	0.000	0.000	1.718	0.09	99.43	13.49	-0.067	1410.87	0.0200	10/7/2021	8:09:22 AM
1	818	0.000	0.000	1.754	0.08	99.43	13.47	-0.066	1411.05	0.0300	10/7/2021	8:09:24 AM
1	819	0.000	0.000	1.787	0.08	99.41	13.46	-0.064	1411.21	0.0300	10/7/2021	8:09:26 AM
1	820	0.000	0.000	1.757	0.09	99.52	13.48	-0.065	1411.06	0.0200	10/7/2021	8:09:28 AM
1	821	0.000	0.000	1.766	0.09	99.34	13.46	-0.065	1411.10	0.0300	10/7/2021	8:09:30 AM
1	822	0.000	0.000	1.771	0.08	99.38	13.46	-0.065	1411.13	0.0300	10/7/2021	8:09:32 AM
1	823	0.000	0.000	1.759	0.08	99.71	13.51	-0.065	1411.07	0.0400	10/7/2021	8:09:34 AM
1	824	0.000	0.000	1.761	0.08	99.52	13.48	-0.065	1411.08	0.0400	10/7/2021	8:09:36 AM
1	825	0.000	0.000	1.766	0.08	99.53	13.48	-0.065	1411.10	0.0300	10/7/2021	8:09:38 AM
1	826	0.000	0.000	1.765	0.08	99.39	13.46	-0.065	1411.10	0.0400	10/7/2021	8:09:40 AM
1	827	0.000	0.000	1.787	0.08	99.58	13.48	-0.064	1411.21	0.0400	10/7/2021	8:09:42 AM
1	828	0.000	0.000	1.824	0.08	99.71	13.49	-0.063	1411.39	0.0400	10/7/2021	8:09:44 AM
1	829	0.000	0.000	1.842	0.09	99.41	13.44	-0.062	1411.47	0.0300	10/7/2021	8:09:46 AM
1	830	0.000	0.000	1.857	0.08	99.75	13.48	-0.062	1411.54	0.0300	10/7/2021	8:09:48 AM
1	831	0.000	0.000	1.777	0.08	99.43	13.47	-0.065	1411.16	0.0300	10/7/2021	8:09:50 AM
1	832	0.000	0.000	1.711	0.08	99.52	13.50	-0.067	1410.84	0.0300	10/7/2021	8:09:52 AM
1	833	0.000	0.000	1.736	0.08	99.51	13.49	-0.066	1410.96	0.0300	10/7/2021	8:09:54 AM
1	834	0.000	0.000	1.731	0.08	99.67	13.51	-0.066	1410.94	0.0400	10/7/2021	8:09:56 AM
1	835	0.000	0.000	1.743	0.08	99.70	13.51	-0.066	1410.99	0.0300	10/7/2021	8:09:58 AM
1	836	0.000	0.000	1.772	0.08	99.59	13.49	-0.065	1411.13	0.0400	10/7/2021	8:10:00 AM
1	837	0.000	0.000	1.765	0.08	99.47	13.47	-0.065	1411.10	0.0300	10/7/2021	8:10:02 AM
1	838	0.000	0.000	1.775	0.08	99.53	13.48	-0.065	1411.15	0.0300	10/7/2021	8:10:04 AM
1	839	0.000	0.000	1.815	0.08	99.62	13.48	-0.063	1411.34	0.0300	10/7/2021	8:10:06 AM
1	840	0.000	0.000	1.852	0.08	99.53	13.45	-0.062	1411.52	0.0300	10/7/2021	8:10:08 AM
1	841	0.000	0.000	1.870	0.08	99.49	13.44	-0.061	1411.61	0.0300	10/7/2021	8:10:10 AM
1	842	0.000	0.000	1.855	0.08	99.59	13.46	-0.062	1411.53	0.0300	10/7/2021	8:10:12 AM
1	843	0.000	0.000	1.862	0.08	99.58	13.45	-0.062	1411.57	0.0400	10/7/2021	8:10:14 AM
1	844	0.000	0.000	1.931	0.08	99.59	13.43	-0.059	1411.90	0.0400	10/7/2021	8:10:16 AM
1	845	0.000	0.000	1.951	0.08	99.55	13.42	-0.059	1412.00	0.0400	10/7/2021	8:10:18 AM
1	846	0.000	0.000	1.950	0.08	99.50	13.41	-0.059	1411.99	0.0400	10/7/2021	8:10:20 AM
1	847	0.000	0.000	1.953	0.08	99.69	13.44	-0.058	1412.01	0.0400	10/7/2021	8:10:22 AM
1	848	0.000	0.000	1.927	0.08	99.69	13.44	-0.059	1411.88	0.0400	10/7/2021	8:10:24 AM
1	849	0.000	0.000	1.914	0.08	99.52	13.43	-0.060	1411.82	0.0400	10/7/2021	8:10:26 AM
1	850	0.000	0.000	1.916	0.08	99.46	13.42	-0.060	1411.83	0.0300	10/7/2021	8:10:28 AM
1	851	0.000	0.000	1.940	0.08	99.50	13.41	-0.059	1411.94	0.0400	10/7/2021	8:10:30 AM
1	852	0.000	0.000	1.960	0.08	99.48	13.40	-0.058	1412.04	0.0500	10/7/2021	8:10:32 AM
1	853	0.000	0.000	1.985	0.08	99.44	13.39	-0.057	1412.16	0.0400	10/7/2021	8:10:34 AM
1	854	0.000	0.000	2.025	0.08	99.41	13.37	-0.056	1412.35	0.0400	10/7/2021	8:10:36 AM
1	855	0.000	0.000	2.047	0.08	99.36	13.36	-0.055	1412.46	0.0500	10/7/2021	8:10:38 AM
1	856	0.000	0.000	2.022	0.08	99.60	13.40	-0.056	1412.34	0.0500	10/7/2021	8:10:40 AM
1	857	0.000	0.000	2.016	0.08	99.60	13.40	-0.056	1412.31	0.0500	10/7/2021	8:10:42 AM
1	858	0.000	0.000	2.010	0.08	99.56	13.40	-0.057	1412.28	0.0500	10/7/2021	8:10:44 AM
1	859	0.000	0.000	2.043	0.08	99.45	13.37	-0.055	1412.44	0.0500	10/7/2021	8:10:46 AM
1	860	0.000	0.000	2.065	0.09	99.54	13.37	-0.055	1412.55	0.0500	10/7/2021	8:10:48 AM
1	861	0.000	0.000	2.105	0.08	99.73	13.39	-0.054	1412.74	0.0500	10/7/2021	8:10:50 AM
1	862	0.000	0.000	2.133	0.09	99.67	13.37	-0.053	1412.87	0.0500	10/7/2021	8:10:52 AM
1	863	0.000	0.000	2.152	0.08	99.65	13.36	-0.052	1412.96	0.0400	10/7/2021	8:10:54 AM
1	864	0.000	0.000	2.117	0.08	100.05	13.42	-0.053	1412.80	0.0500	10/7/2021	8:10:56 AM
1	865	0.000	0.000	2.106	0.08	99.81	13.40	-0.054	1412.74	0.0500	10/7/2021	8:10:58 AM
1	866	0.000	0.000	2.125	0.08	99.73	13.38	-0.053	1412.83	0.0500	10/7/2021	8:11:00 AM
1	867	0.000	0.000	2.252	0.08	99.70	13.33	-0.049	1413.44	0.0500	10/7/2021	8:11:02 AM
1	868	0.000	0.000	2.613	0.08	99.80	13.21	-0.040	1415.16	0.0600	10/7/2021	8:11:04 AM
1	869	0.000	0.000	3.010	0.08	99.75	13.06	-0.032	1417.03	0.0400	10/7/2021	8:11:06 AM
1	870	0.000	0.000	3.403	0.09	99.86	12.94	-0.027	1418.87	0.0500	10/7/2021	8:11:08 AM
1	871	0.000	0.000	3.747	0.09	99.87	12.83	-0.025	1420.46	0.0500	10/7/2021	8:11:10 AM
1	872	0.000	0.000	4.112	2.49	99.68	12.68	-0.025	1422.14	0.0400	10/7/2021	8:11:12 AM
1	873	0.000	0.000	4.577	0.09	99.91	12.55	-0.028	1424.26	0.0500	10/7/2021	8:11:14 AM
1	874	0.000	0.000	4.910	0.09	99.92	12.45	-0.032	1425.76	0.0500	10/7/2021	8:11:16 AM
1	875	0.000	0.000	5.102	0.09	99.78	12.37	-0.035	1426.62	0.0500	10/7/2021	8:11:18 AM
1	876	0.000	0.000	5.183	0.08	99.68	12.33	-0.036	1426.98	0.0500	10/7/2021	8:11:20 AM
1	877	0.000	0.000	5.133	0.09	99.68	12.35	-0.035	1426.76	0.0500	10/7/2021	8:11:22 AM
1	878	0.000	0.000	5.030	0.09	99.83	12.40	-0.033	1426.30	0.0600	10/7/2021	8:11:24 AM
1	879	0.000	0.000	4.771	0.09	99.77	12.47	-0.030	1425.13	0.0500	10/7/2021	8:11:26 AM
1	880	0.000	0.000	4.673	0.09	99.82	12.51	-0.029	1424.69	0.0400	10/7/2021	8:11:28 AM
