From file: AB332_2021	Instrument no.:	1320
Ser	Interval (sec)	Integration	Air pressure	Salinity	Chart Datum (dbar)	
4	2		983.75	
Ser	Meas	Sal.	Cond.	Temp	F (µg/l)	OpOx %	Opmg/l	Density	S. vel.	Press	Date	Time
4	1074	0.000	0.000	4.910	2.49	98.64	12.26	-0.032	1425.76	0.0000	10/6/2021	1:58:19 PM
4	1075	0.000	0.000	4.887	2.49	98.53	12.25	-0.032	1425.66	0.0000	10/6/2021	1:58:21 PM
4	1076	0.000	0.000	4.926	2.10	98.57	12.24	-0.032	1425.83	0.0000	10/6/2021	1:58:23 PM
4	1077	0.000	0.000	4.938	1.96	98.82	12.27	-0.032	1425.88	0.0000	10/6/2021	1:58:25 PM
4	1078	0.000	0.000	4.942	2.49	98.97	12.29	-0.032	1425.90	0.0000	10/6/2021	1:58:27 PM
4	1079	0.000	0.000	4.961	0.91	98.83	12.26	-0.033	1425.99	0.0000	10/6/2021	1:58:29 PM
4	1080	0.000	0.000	4.926	0.34	98.59	12.25	-0.032	1425.83	0.0000	10/6/2021	1:58:31 PM
4	1081	0.000	0.000	4.826	7.49	98.30	12.24	-0.031	1425.38	0.0000	10/6/2021	1:58:33 PM
4	1082	0.000	0.000	4.786	7.49	98.41	12.27	-0.030	1425.20	0.0000	10/6/2021	1:58:35 PM
4	1083	0.000	0.000	4.752	0.13	98.45	12.28	-0.030	1425.05	0.0000	10/6/2021	1:58:37 PM
4	1084	0.000	0.000	4.762	0.13	98.79	12.32	-0.030	1425.09	0.0000	10/6/2021	1:58:39 PM
4	1085	0.000	0.000	4.760	0.13	98.49	12.29	-0.030	1425.08	0.0000	10/6/2021	1:58:41 PM
4	1086	0.000	0.000	4.726	0.04	98.42	12.29	-0.029	1424.93	0.0000	10/6/2021	1:58:43 PM
4	1087	0.000	0.000	4.707	0.04	98.38	12.29	-0.029	1424.84	0.0000	10/6/2021	1:58:45 PM
4	1088	0.000	0.000	4.699	0.04	98.42	12.30	-0.029	1424.81	0.0000	10/6/2021	1:58:47 PM
4	1089	0.000	0.000	4.671	0.04	98.21	12.28	-0.029	1424.68	0.0000	10/6/2021	1:58:49 PM
4	1090	0.000	0.000	4.603	0.04	98.33	12.32	-0.028	1424.38	0.0000	10/6/2021	1:58:51 PM
4	1091	0.000	0.000	4.571	0.04	98.14	12.30	-0.028	1424.23	0.0000	10/6/2021	1:58:53 PM
4	1092	0.000	0.000	4.547	0.04	98.27	12.33	-0.028	1424.12	0.0000	10/6/2021	1:58:55 PM
4	1093	0.000	0.000	4.489	0.04	98.32	12.35	-0.027	1423.86	0.0000	10/6/2021	1:58:57 PM
4	1094	0.000	0.000	4.431	0.04	98.60	12.41	-0.027	1423.60	0.0000	10/6/2021	1:58:59 PM
4	1095	0.000	0.000	4.408	0.04	98.88	12.45	-0.026	1423.49	0.0000	10/6/2021	1:59:01 PM
4	1096	0.000	0.000	4.332	0.04	98.99	12.49	-0.026	1423.15	0.0000	10/6/2021	1:59:03 PM
4	1097	0.000	0.000	4.256	0.04	99.01	12.51	-0.026	1422.80	0.0000	10/6/2021	1:59:05 PM
4	1098	0.000	0.000	4.158	0.04	98.91	12.53	-0.025	1422.35	0.0000	10/6/2021	1:59:07 PM
4	1099	0.000	0.000	3.894	0.04	98.76	12.60	-0.025	1421.14	0.0000	10/6/2021	1:59:09 PM
4	1100	0.000	0.000	3.659	0.04	99.58	12.79	-0.026	1420.06	0.0000	10/6/2021	1:59:11 PM
4	1101	0.000	0.000	3.530	0.04	99.80	12.86	-0.027	1419.46	0.0000	10/6/2021	1:59:13 PM
4	1102	0.000	0.000	3.442	0.04	99.66	12.87	-0.027	1419.05	0.0000	10/6/2021	1:59:15 PM
4	1103	0.000	0.000	3.344	0.04	99.40	12.87	-0.028	1418.59	0.0000	10/6/2021	1:59:17 PM
4	1104	0.000	0.000	3.297	0.13	104.07	13.49	-0.028	1418.38	0.1200	10/6/2021	1:59:19 PM
4	1105	33.172	30.431	3.316	0.15	104.06	10.77	26.401	1461.39	0.5300	10/6/2021	1:59:21 PM
4	1106	33.817	30.953	3.302	0.15	103.65	10.68	26.919	1462.18	1.3600	10/6/2021	1:59:23 PM
4	1107	33.824	30.956	3.298	0.15	103.34	10.65	26.931	1462.19	2.6000	10/6/2021	1:59:25 PM
4	1108	33.825	30.952	3.292	0.14	103.42	10.66	26.937	1462.18	3.5900	10/6/2021	1:59:27 PM
4	1109	33.832	30.958	3.292	0.14	103.28	10.64	26.946	1462.20	4.3000	10/6/2021	1:59:29 PM
4	1110	33.840	30.966	3.293	0.16	103.13	10.63	26.957	1462.23	5.2200	10/6/2021	1:59:31 PM
4	1111	33.846	30.969	3.290	0.17	102.98	10.61	26.963	1462.23	5.3900	10/6/2021	1:59:33 PM
4	1112	33.858	30.976	3.287	0.16	102.89	10.60	26.973	1462.23	5.3900	10/6/2021	1:59:35 PM
4	1113	33.874	30.988	3.286	0.17	102.62	10.57	26.985	1462.25	5.4100	10/6/2021	1:59:37 PM
4	1114	33.877	30.990	3.285	0.16	102.59	10.57	26.988	1462.25	5.3800	10/6/2021	1:59:39 PM
4	1115	33.885	31.000	3.289	0.17	102.36	10.55	26.994	1462.28	5.3700	10/6/2021	1:59:41 PM
4	1116	33.891	31.009	3.294	0.17	102.55	10.56	26.998	1462.31	5.4200	10/6/2021	1:59:43 PM
4	1117	33.885	31.001	3.290	0.17	102.34	10.54	26.994	1462.28	5.4000	10/6/2021	1:59:45 PM
4	1118	33.881	30.994	3.286	0.15	102.12	10.52	26.991	1462.26	5.4000	10/6/2021	1:59:47 PM
4	1119	33.882	30.994	3.285	0.19	102.29	10.54	26.992	1462.26	5.3900	10/6/2021	1:59:49 PM
4	1120	33.860	30.987	3.298	0.18	102.15	10.52	26.973	1462.28	5.3800	10/6/2021	1:59:51 PM
4	1121	33.858	30.983	3.295	0.16	102.10	10.52	26.972	1462.27	5.4000	10/6/2021	1:59:53 PM
4	1122	33.885	30.999	3.288	0.16	102.13	10.52	26.994	1462.27	5.3800	10/6/2021	1:59:55 PM
4	1123	33.879	30.996	3.290	0.16	101.92	10.50	26.989	1462.27	5.3900	10/6/2021	1:59:57 PM
4	1124	33.848	30.978	3.299	0.15	101.99	10.51	26.963	1462.27	5.4100	10/6/2021	1:59:59 PM
4	1125	33.859	30.987	3.299	0.15	101.94	10.50	26.972	1462.29	5.4400	10/6/2021	2:00:01 PM
4	1126	33.855	30.981	3.296	0.16	101.82	10.49	26.969	1462.27	5.3900	10/6/2021	2:00:03 PM
4	1127	33.839	30.967	3.295	0.15	102.19	10.53	26.956	1462.24	5.3600	10/6/2021	2:00:05 PM
4	1128	33.834	30.952	3.283	0.15	101.76	10.49	26.950	1462.17	4.5900	10/6/2021	2:00:07 PM
4	1129	33.830	30.946	3.280	0.16	101.69	10.48	26.941	1462.13	3.1500	10/6/2021	2:00:09 PM
4	1130	33.833	30.948	3.280	0.15	101.65	10.48	26.939	1462.12	2.4300	10/6/2021	2:00:11 PM
4	1131	33.829	30.948	3.284	0.15	101.57	10.47	26.933	1462.13	1.8600	10/6/2021	2:00:13 PM
4	1132	33.826	30.947	3.286	0.14	101.64	10.48	26.928	1462.12	1.3700	10/6/2021	2:00:15 PM
4	1133	33.821	30.938	3.281	0.13	101.54	10.47	26.920	1462.08	0.3800	10/6/2021	2:00:17 PM
4	1134	33.822	30.937	3.279	0.14	101.52	10.47	26.920	1462.07	0.0100	10/6/2021	2:00:19 PM
4	1135	32.741	30.047	3.285	0.14	101.47	10.54	26.059	1460.70	0.2700	10/6/2021	2:00:21 PM
4	1136	33.833	30.951	3.285	0.16	101.49	10.46	26.929	1462.11	0.2700	10/6/2021	2:00:23 PM
4	1137	33.838	30.956	3.286	0.16	101.50	10.46	26.933	1462.12	0.3300	10/6/2021	2:00:25 PM
4	1138	33.835	30.956	3.288	0.16	101.46	10.46	26.932	1462.13	0.6700	10/6/2021	2:00:27 PM
4	1139	33.834	30.957	3.290	0.14	101.45	10.46	26.933	1462.15	1.1000	10/6/2021	2:00:29 PM
4	1140	33.836	30.956	3.287	0.17	101.44	10.46	26.935	1462.14	1.1700	10/6/2021	2:00:31 PM
4	1141	33.840	30.961	3.289	0.17	101.56	10.47	26.942	1462.16	1.9300	10/6/2021	2:00:33 PM
4	1142	33.846	30.967	3.290	0.14	101.61	10.47	26.949	1462.18	2.5700	10/6/2021	2:00:35 PM
4	1143	33.847	30.967	3.288	0.15	101.55	10.47	26.954	1462.19	3.1900	10/6/2021	2:00:37 PM
4	1144	33.849	30.967	3.286	0.15	101.57	10.47	26.959	1462.20	3.9900	10/6/2021	2:00:39 PM
4	1145	33.848	30.966	3.285	0.15	101.63	10.47	26.962	1462.20	4.6200	10/6/2021	2:00:41 PM
4	1146	33.851	30.966	3.282	0.15	101.61	10.47	26.966	1462.20	5.0500	10/6/2021	2:00:43 PM
4	1147	33.854	30.969	3.283	0.15	101.53	10.46	26.971	1462.22	5.7400	10/6/2021	2:00:45 PM
4	1148	33.853	30.971	3.285	0.16	101.54	10.46	26.974	1462.24	6.5300	10/6/2021	2:00:47 PM
4	1149	33.848	30.969	3.287	0.16	101.54	10.47	26.974	1462.25	7.4000	10/6/2021	2:00:49 PM
4	1150	33.862	30.984	3.291	0.14	101.63	10.47	26.989	1462.30	8.2700	10/6/2021	2:00:51 PM
4	1151	33.896	31.010	3.288	0.12	101.80	10.49	27.021	1462.35	9.2600	10/6/2021	2:00:53 PM
4	1152	33.976	31.074	3.285	0.13	102.13	10.52	27.090	1462.46	10.2500	10/6/2021	2:00:55 PM
4	1153	33.989	31.091	3.292	0.11	102.27	10.53	27.103	1462.52	11.1200	10/6/2021	2:00:57 PM
4	1154	34.024	31.120	3.291	0.09	102.68	10.57	27.137	1462.58	12.1700	10/6/2021	2:00:59 PM
4	1155	34.121	31.161	3.246	0.09	103.04	10.61	27.223	1462.53	13.2300	10/6/2021	2:01:01 PM
4	1156	34.149	31.161	3.219	0.08	103.21	10.63	27.252	1462.47	14.1900	10/6/2021	2:01:03 PM
4	1157	34.166	31.160	3.201	0.07	103.26	10.64	27.272	1462.43	15.1600	10/6/2021	2:01:05 PM
4	1158	34.167	31.153	3.192	0.07	103.26	10.64	27.279	1462.41	16.3500	10/6/2021	2:01:07 PM
4	1159	34.175	31.154	3.185	0.05	103.15	10.63	27.290	1462.40	17.2500	10/6/2021	2:01:09 PM
4	1160	34.174	31.131	3.159	0.06	103.25	10.65	27.297	1462.31	18.3300	10/6/2021	2:01:11 PM
4	1161	34.183	31.121	3.138	0.06	103.11	10.64	27.311	1462.25	19.3700	10/6/2021	2:01:13 PM
4	1162	34.192	31.084	3.087	0.06	103.12	10.66	27.328	1462.06	20.5500	10/6/2021	2:01:15 PM
4	1163	34.200	31.055	3.045	0.05	103.20	10.67	27.344	1461.91	21.6200	10/6/2021	2:01:17 PM
4	1164	34.198	31.049	3.039	0.06	103.24	10.68	27.349	1461.91	22.9700	10/6/2021	2:01:19 PM
4	1165	34.205	31.056	3.040	0.04	103.21	10.68	27.360	1461.94	24.0700	10/6/2021	2:01:21 PM
4	1166	34.224	31.088	3.059	0.04	102.89	10.64	27.378	1462.06	25.1200	10/6/2021	2:01:23 PM
4	1167	34.222	31.079	3.050	0.04	102.94	10.64	27.382	1462.04	26.3000	10/6/2021	2:01:25 PM
4	1168	34.225	31.055	3.019	0.04	102.81	10.64	27.393	1461.93	27.5300	10/6/2021	2:01:27 PM
4	1169	34.223	31.012	2.971	0.04	102.98	10.67	27.401	1461.74	28.5100	10/6/2021	2:01:29 PM
4	1170	34.228	30.995	2.946	0.04	102.96	10.67	27.412	1461.66	29.6100	10/6/2021	2:01:31 PM
4	1171	34.229	30.978	2.925	0.04	102.97	10.68	27.421	1461.59	30.8000	10/6/2021	2:01:33 PM
4	1172	34.234	30.950	2.887	0.04	102.92	10.68	27.433	1461.45	31.7500	10/6/2021	2:01:35 PM
4	1173	34.240	30.929	2.857	0.03	103.04	10.70	27.445	1461.34	32.8900	10/6/2021	2:01:37 PM
4	1174	34.257	30.914	2.823	0.03	103.17	10.73	27.467	1461.24	33.9800	10/6/2021	2:01:39 PM
4	1175	34.267	30.915	2.814	0.03	102.96	10.71	27.481	1461.23	34.9800	10/6/2021	2:01:41 PM
4	1176	34.277	30.930	2.822	0.03	102.86	10.69	27.492	1461.29	35.9300	10/6/2021	2:01:43 PM
4	1177	34.278	30.947	2.840	0.03	102.67	10.67	27.497	1461.39	37.1600	10/6/2021	2:01:45 PM
4	1178	34.303	31.002	2.879	0.04	102.36	10.62	27.519	1461.61	38.2300	10/6/2021	2:01:47 PM
4	1179	34.304	30.980	2.852	0.03	102.14	10.61	27.528	1461.51	39.4300	10/6/2021	2:01:49 PM
4	1180	34.306	30.886	2.742	0.03	102.35	10.66	27.544	1461.06	40.6200	10/6/2021	2:01:51 PM
4	1181	34.304	30.766	2.605	0.04	102.64	10.72	27.560	1460.49	41.7200	10/6/2021	2:01:53 PM
4	1182	34.291	30.621	2.450	0.03	103.08	10.81	27.567	1459.82	42.6700	10/6/2021	2:01:55 PM
4	1183	34.271	30.532	2.365	0.03	103.30	10.86	27.564	1459.44	43.7700	10/6/2021	2:01:57 PM
4	1184	34.277	30.487	2.307	0.02	103.53	10.90	27.580	1459.22	45.1300	10/6/2021	2:01:59 PM
4	1185	34.238	30.512	2.371	0.03	103.44	10.88	27.549	1459.46	46.2900	10/6/2021	2:02:01 PM
4	1186	34.343	30.718	2.511	0.03	102.78	10.76	27.626	1460.22	47.3300	10/6/2021	2:02:03 PM
4	1187	34.350	30.779	2.574	0.03	102.41	10.71	27.632	1460.52	48.5600	10/6/2021	2:02:05 PM
4	1188	34.348	30.795	2.593	0.03	102.23	10.68	27.635	1460.63	49.9100	10/6/2021	2:02:07 PM
4	1189	34.376	30.854	2.634	0.03	102.06	10.65	27.660	1460.86	51.3000	10/6/2021	2:02:09 PM
4	1190	34.381	30.978	2.771	0.03	101.53	10.56	27.659	1461.48	52.7800	10/6/2021	2:02:11 PM
4	1191	34.411	31.075	2.853	0.03	100.94	10.47	27.683	1461.90	54.2700	10/6/2021	2:02:13 PM
4	1192	34.409	31.084	2.865	0.03	100.78	10.45	27.686	1461.97	55.7100	10/6/2021	2:02:15 PM
4	1193	34.411	31.079	2.856	0.03	100.71	10.45	27.696	1461.96	57.1400	10/6/2021	2:02:17 PM
4	1194	34.420	31.078	2.846	0.03	100.69	10.45	27.711	1461.95	58.7400	10/6/2021	2:02:19 PM
4	1195	34.412	31.038	2.807	0.03	100.76	10.47	27.715	1461.80	60.2400	10/6/2021	2:02:21 PM
4	1196	34.421	31.035	2.794	0.03	100.72	10.47	27.730	1461.78	61.5700	10/6/2021	2:02:23 PM
4	1197	34.425	31.009	2.760	0.03	100.71	10.47	27.743	1461.66	63.0500	10/6/2021	2:02:25 PM
4	1198	34.423	30.968	2.714	0.03	100.81	10.50	27.753	1461.48	64.5300	10/6/2021	2:02:27 PM
4	1199	34.424	30.964	2.708	0.03	100.84	10.50	27.760	1461.48	65.8000	10/6/2021	2:02:29 PM
4	1200	34.425	30.935	2.673	0.03	100.97	10.52	27.771	1461.36	67.3200	10/6/2021	2:02:31 PM
4	1201	34.428	30.905	2.635	0.03	100.93	10.53	27.784	1461.22	68.8700	10/6/2021	2:02:33 PM
4	1202	34.413	30.825	2.556	0.03	101.38	10.60	27.787	1460.89	70.4400	10/6/2021	2:02:35 PM
4	1203	34.438	30.787	2.489	0.03	101.50	10.63	27.818	1460.65	71.7500	10/6/2021	2:02:37 PM
4	1204	34.416	30.657	2.359	0.03	101.73	10.69	27.818	1460.08	73.0100	10/6/2021	2:02:39 PM
4	1205	34.427	30.508	2.177	0.02	102.25	10.79	27.847	1459.32	74.0900	10/6/2021	2:02:41 PM
4	1206	34.376	30.317	2.003	0.02	102.89	10.91	27.825	1458.51	75.1300	10/6/2021	2:02:43 PM
4	1207	34.405	30.310	1.968	0.02	103.06	10.93	27.856	1458.41	76.1500	10/6/2021	2:02:45 PM
4	1208	34.393	30.263	1.924	0.02	103.17	10.96	27.855	1458.22	77.2800	10/6/2021	2:02:47 PM
4	1209	34.395	30.236	1.890	0.03	103.32	10.98	27.865	1458.09	78.2300	10/6/2021	2:02:49 PM
4	1210	34.389	30.226	1.884	0.03	103.38	10.99	27.864	1458.07	79.0300	10/6/2021	2:02:51 PM
4	1211	34.390	30.225	1.881	0.02	103.34	10.99	27.870	1458.07	80.0900	10/6/2021	2:02:53 PM
4	1212	34.394	30.224	1.876	0.02	103.45	11.00	27.878	1458.07	81.1300	10/6/2021	2:02:55 PM
4	1213	34.396	30.220	1.869	0.02	103.36	10.99	27.885	1458.06	82.1600	10/6/2021	2:02:57 PM
4	1214	34.400	30.205	1.847	0.02	103.39	11.00	27.895	1457.99	83.1400	10/6/2021	2:02:59 PM
4	1215	34.395	30.165	1.805	0.02	103.36	11.01	27.899	1457.81	84.2100	10/6/2021	2:03:01 PM
4	1216	34.385	30.111	1.751	0.03	103.45	11.04	27.900	1457.58	85.2000	10/6/2021	2:03:03 PM
4	1217	34.405	30.118	1.741	0.02	103.41	11.03	27.921	1457.58	86.1600	10/6/2021	2:03:05 PM
4	1218	34.407	30.124	1.745	0.02	103.44	11.04	27.927	1457.61	87.0400	10/6/2021	2:03:07 PM
4	1219	34.405	30.133	1.757	0.02	103.24	11.01	27.928	1457.68	87.9700	10/6/2021	2:03:09 PM
4	1220	34.413	30.131	1.747	0.02	103.19	11.01	27.940	1457.66	89.0300	10/6/2021	2:03:11 PM
4	1221	34.414	30.114	1.726	0.03	103.08	11.00	27.948	1457.59	90.1100	10/6/2021	2:03:13 PM
4	1222	34.419	30.112	1.718	0.02	103.05	11.00	27.958	1457.58	91.2600	10/6/2021	2:03:15 PM
4	1223	34.417	30.104	1.710	0.02	102.98	11.00	27.963	1457.56	92.5600	10/6/2021	2:03:17 PM
4	1224	34.423	30.098	1.697	0.02	102.92	10.99	27.974	1457.53	93.6700	10/6/2021	2:03:19 PM
4	1225	34.428	30.073	1.663	0.02	102.92	11.00	27.986	1457.40	94.6800	10/6/2021	2:03:21 PM
4	1226	34.428	30.045	1.630	0.02	102.75	10.99	27.993	1457.27	95.7100	10/6/2021	2:03:23 PM
4	1227	34.437	29.997	1.566	0.02	102.72	11.01	28.010	1457.02	96.7000	10/6/2021	2:03:25 PM
4	1228	34.437	29.961	1.523	0.02	102.63	11.01	28.018	1456.85	97.7600	10/6/2021	2:03:27 PM
4	1229	34.443	29.954	1.509	0.02	102.66	11.02	28.030	1456.81	98.9200	10/6/2021	2:03:29 PM
4	1230	34.443	29.936	1.488	0.02	102.63	11.02	28.036	1456.73	100.0600	10/6/2021	2:03:31 PM
4	1231	34.447	29.927	1.473	0.02	102.55	11.01	28.046	1456.69	101.2400	10/6/2021	2:03:33 PM
4	1232	34.447	29.924	1.469	0.02	102.60	11.02	28.052	1456.69	102.4200	10/6/2021	2:03:35 PM
4	1233	34.451	29.919	1.459	0.02	102.65	11.03	28.061	1456.67	103.5000	10/6/2021	2:03:37 PM
4	1234	34.452	29.915	1.453	0.02	102.62	11.03	28.067	1456.67	104.6100	10/6/2021	2:03:39 PM
4	1235	34.455	29.912	1.446	0.02	102.67	11.03	28.075	1456.66	105.6000	10/6/2021	2:03:41 PM
4	1236	34.459	29.897	1.424	0.02	102.75	11.05	28.087	1456.58	106.9200	10/6/2021	2:03:43 PM
4	1237	34.464	29.885	1.405	0.02	102.75	11.05	28.096	1456.52	107.8600	10/6/2021	2:03:45 PM
4	1238	34.469	29.877	1.391	0.02	102.76	11.06	28.105	1456.48	108.7800	10/6/2021	2:03:47 PM
4	1239	34.473	29.861	1.368	0.02	102.74	11.06	28.115	1456.40	109.8000	10/6/2021	2:03:49 PM
4	1240	34.469	29.849	1.357	0.02	102.73	11.06	28.118	1456.36	110.8200	10/6/2021	2:03:51 PM
4	1241	34.476	29.863	1.367	0.02	102.64	11.05	28.127	1456.43	111.8500	10/6/2021	2:03:53 PM
4	1242	34.479	29.862	1.362	0.02	102.70	11.06	28.135	1456.43	112.8800	10/6/2021	2:03:55 PM
4	1243	34.485	29.857	1.351	0.02	102.65	11.06	28.144	1456.40	113.6500	10/6/2021	2:03:57 PM
4	1244	34.489	29.853	1.342	0.02	102.71	11.06	28.152	1456.38	114.4300	10/6/2021	2:03:59 PM
4	1245	34.484	29.853	1.346	0.02	102.72	11.06	28.153	1456.41	115.5800	10/6/2021	2:04:01 PM
4	1246	34.488	29.858	1.347	0.02	102.53	11.04	28.162	1456.44	116.7400	10/6/2021	2:04:03 PM
4	1247	34.490	29.860	1.347	0.02	102.54	11.04	28.169	1456.46	117.8900	10/6/2021	2:04:05 PM
4	1248	34.488	29.856	1.344	0.02	102.56	11.05	28.173	1456.47	119.1100	10/6/2021	2:04:07 PM
4	1249	34.492	29.860	1.344	0.02	102.57	11.05	28.180	1456.48	119.9200	10/6/2021	2:04:09 PM
4	1250	34.493	29.864	1.348	0.02	102.59	11.05	28.185	1456.52	120.8600	10/6/2021	2:04:11 PM
4	1251	34.494	29.869	1.352	0.02	102.47	11.03	28.191	1456.56	121.9900	10/6/2021	2:04:13 PM
4	1252	34.498	29.878	1.358	0.02	102.45	11.03	28.198	1456.60	122.8100	10/6/2021	2:04:15 PM
4	1253	34.498	29.881	1.361	0.02	102.41	11.03	28.201	1456.63	123.6300	10/6/2021	2:04:17 PM
4	1254	34.497	29.883	1.364	0.02	102.34	11.02	28.205	1456.66	124.6000	10/6/2021	2:04:19 PM
4	1255	34.504	29.889	1.364	0.02	102.23	11.00	28.215	1456.68	125.5300	10/6/2021	2:04:21 PM
4	1256	34.501	29.879	1.355	0.02	102.33	11.02	28.216	1456.65	126.2700	10/6/2021	2:04:23 PM
4	1257	34.500	29.873	1.348	0.02	102.31	11.02	28.221	1456.63	127.1700	10/6/2021	2:04:25 PM
4	1258	34.506	29.826	1.288	0.02	102.42	11.05	28.234	1456.39	128.1500	10/6/2021	2:04:27 PM
4	1259	34.503	29.784	1.241	0.02	102.61	11.08	28.240	1456.19	129.0900	10/6/2021	2:04:29 PM
4	1260	34.502	29.767	1.222	0.02	102.60	11.09	28.244	1456.12	129.9900	10/6/2021	2:04:31 PM
4	1261	34.506	29.763	1.213	0.02	102.68	11.10	28.253	1456.10	130.9900	10/6/2021	2:04:33 PM
4	1262	34.509	29.764	1.211	0.02	102.73	11.10	28.260	1456.11	131.8700	10/6/2021	2:04:35 PM
4	1263	34.504	29.764	1.215	0.02	102.63	11.09	28.260	1456.14	132.8800	10/6/2021	2:04:37 PM
4	1264	34.503	29.753	1.203	0.02	102.62	11.09	28.265	1456.10	134.0100	10/6/2021	2:04:39 PM
4	1265	34.515	29.750	1.188	0.02	102.62	11.10	28.281	1456.06	134.9400	10/6/2021	2:04:41 PM
4	1266	34.508	29.745	1.188	0.02	102.57	11.09	28.279	1456.07	135.7400	10/6/2021	2:04:43 PM
4	1267	34.512	29.754	1.194	0.02	102.48	11.08	28.288	1456.12	136.9600	10/6/2021	2:04:45 PM
4	1268	34.522	29.778	1.212	0.02	102.16	11.04	28.300	1456.23	138.1700	10/6/2021	2:04:47 PM
4	1269	34.527	29.787	1.218	0.02	101.63	10.98	28.309	1456.29	139.4300	10/6/2021	2:04:49 PM
4	1270	34.523	29.764	1.194	0.02	101.34	10.95	28.314	1456.20	140.7400	10/6/2021	2:04:51 PM
4	1271	34.530	29.764	1.187	0.02	101.23	10.94	28.326	1456.20	142.0600	10/6/2021	2:04:53 PM
4	1272	34.529	29.764	1.187	0.02	101.26	10.95	28.331	1456.21	143.2100	10/6/2021	2:04:55 PM
4	1273	34.535	29.762	1.179	0.02	101.29	10.95	28.342	1456.20	144.3500	10/6/2021	2:04:57 PM
4	1274	34.538	29.752	1.164	0.02	101.14	10.94	28.352	1456.16	145.7500	10/6/2021	2:04:59 PM
4	1275	34.532	29.724	1.136	0.02	101.01	10.94	28.356	1456.05	147.1800	10/6/2021	2:05:01 PM
4	1276	34.534	29.700	1.105	0.02	100.97	10.94	28.366	1455.94	148.4800	10/6/2021	2:05:03 PM
4	1277	34.541	29.698	1.096	0.02	100.93	10.94	28.377	1455.92	149.4800	10/6/2021	2:05:05 PM
4	1278	34.540	29.696	1.094	0.02	100.88	10.93	28.380	1455.93	150.3200	10/6/2021	2:05:07 PM
4	1279	34.540	29.695	1.093	0.02	100.91	10.94	28.385	1455.94	151.3800	10/6/2021	2:05:09 PM
4	1280	34.540	29.693	1.090	0.02	100.82	10.93	28.390	1455.95	152.4900	10/6/2021	2:05:11 PM
4	1281	34.538	29.691	1.089	0.02	100.80	10.92	28.394	1455.96	153.5700	10/6/2021	2:05:13 PM
4	1282	34.540	29.694	1.090	0.02	100.76	10.92	28.400	1455.98	154.4300	10/6/2021	2:05:15 PM
4	1283	34.544	29.695	1.087	0.02	100.69	10.91	28.408	1455.98	155.3500	10/6/2021	2:05:17 PM
4	1284	34.546	29.692	1.081	0.02	100.57	10.90	28.415	1455.98	156.3900	10/6/2021	2:05:19 PM
4	1285	34.548	29.693	1.080	0.02	100.48	10.89	28.421	1455.99	157.3700	10/6/2021	2:05:21 PM
4	1286	34.553	29.692	1.074	0.02	100.23	10.87	28.429	1455.98	158.1900	10/6/2021	2:05:23 PM
4	1287	34.555	29.690	1.069	0.02	100.00	10.84	28.436	1455.98	159.2600	10/6/2021	2:05:25 PM
4	1288	34.556	29.693	1.071	0.02	99.83	10.82	28.442	1456.01	160.3200	10/6/2021	2:05:27 PM
4	1289	34.557	29.698	1.075	0.02	99.70	10.81	28.448	1456.05	161.3900	10/6/2021	2:05:29 PM
4	1290	34.560	29.707	1.083	0.02	99.62	10.80	28.454	1456.10	162.3800	10/6/2021	2:05:31 PM
4	1291	34.561	29.726	1.103	0.02	99.39	10.77	28.458	1456.21	163.4100	10/6/2021	2:05:33 PM
4	1292	34.569	29.736	1.107	0.02	99.09	10.73	28.469	1456.25	164.3800	10/6/2021	2:05:35 PM
4	1293	34.566	29.730	1.102	0.02	98.90	10.71	28.472	1456.25	165.5200	10/6/2021	2:05:37 PM
4	1294	34.565	29.722	1.093	0.02	98.77	10.70	28.478	1456.22	166.6400	10/6/2021	2:05:39 PM
4	1295	34.575	29.712	1.072	0.02	98.52	10.68	28.492	1456.16	167.6300	10/6/2021	2:05:41 PM
4	1296	34.573	29.692	1.050	0.02	98.62	10.70	28.496	1456.07	168.5500	10/6/2021	2:05:43 PM
4	1297	34.576	29.686	1.040	0.02	98.34	10.67	28.504	1456.05	169.5900	10/6/2021	2:05:45 PM
4	1298	34.575	29.703	1.060	0.02	98.03	10.63	28.506	1456.15	170.5000	10/6/2021	2:05:47 PM
4	1299	34.596	29.769	1.117	0.02	97.81	10.59	28.524	1456.45	171.5400	10/6/2021	2:05:49 PM
4	1300	34.591	29.773	1.126	0.02	97.65	10.57	28.523	1456.50	172.4700	10/6/2021	2:05:51 PM
4	1301	34.595	29.772	1.121	0.02	97.61	10.57	28.531	1456.50	173.4500	10/6/2021	2:05:53 PM
4	1302	34.597	29.764	1.109	0.02	97.52	10.56	28.539	1456.46	174.4600	10/6/2021	2:05:55 PM
4	1303	34.596	29.759	1.104	0.02	97.57	10.57	28.541	1456.45	175.1600	10/6/2021	2:05:57 PM
4	1304	34.596	29.752	1.095	0.02	97.72	10.58	28.547	1456.43	176.2400	10/6/2021	2:05:59 PM
4	1305	34.597	29.750	1.091	0.02	97.81	10.60	28.554	1456.43	177.2600	10/6/2021	2:06:01 PM
4	1306	34.601	29.755	1.093	0.02	97.82	10.60	28.562	1456.46	178.3900	10/6/2021	2:06:03 PM
4	1307	34.608	29.769	1.102	0.02	97.83	10.59	28.572	1456.53	179.3700	10/6/2021	2:06:05 PM
4	1308	34.612	29.767	1.096	0.02	97.70	10.58	28.579	1456.52	180.3300	10/6/2021	2:06:07 PM
4	1309	34.608	29.759	1.090	0.02	97.64	10.58	28.581	1456.50	181.2700	10/6/2021	2:06:09 PM
4	1310	34.617	29.756	1.078	0.02	97.52	10.57	28.593	1456.48	182.2300	10/6/2021	2:06:11 PM
4	1311	34.612	29.735	1.057	0.02	97.23	10.54	28.596	1456.40	183.2300	10/6/2021	2:06:13 PM
4	1312	34.613	29.725	1.044	0.02	96.99	10.52	28.603	1456.35	184.2300	10/6/2021	2:06:15 PM
4	1313	34.606	29.705	1.027	0.02	96.76	10.50	28.602	1456.28	185.1800	10/6/2021	2:06:17 PM
4	1314	34.610	29.699	1.016	0.02	96.50	10.47	28.611	1456.26	186.2600	10/6/2021	2:06:19 PM
4	1315	34.614	29.693	1.004	0.02	96.44	10.47	28.622	1456.23	187.4400	10/6/2021	2:06:21 PM
4	1316	34.620	29.689	0.994	0.02	96.37	10.46	28.631	1456.21	188.3900	10/6/2021	2:06:23 PM
4	1317	34.616	29.684	0.991	0.02	96.35	10.46	28.633	1456.21	189.4800	10/6/2021	2:06:25 PM
4	1318	34.611	29.671	0.980	0.02	96.34	10.46	28.635	1456.17	190.6400	10/6/2021	2:06:27 PM
4	1319	34.618	29.664	0.965	0.02	96.26	10.46	28.648	1456.13	191.8200	10/6/2021	2:06:29 PM
4	1320	34.620	29.660	0.958	0.02	96.02	10.44	28.655	1456.12	192.8200	10/6/2021	2:06:31 PM
4	1321	34.628	29.651	0.940	0.02	95.55	10.39	28.667	1456.06	193.7800	10/6/2021	2:06:33 PM
4	1322	34.625	29.630	0.917	0.02	95.22	10.36	28.672	1455.97	194.8600	10/6/2021	2:06:35 PM
4	1323	34.624	29.621	0.907	0.02	95.04	10.34	28.677	1455.95	196.0200	10/6/2021	2:06:37 PM
4	1324	34.624	29.617	0.902	0.02	94.88	10.33	28.682	1455.94	197.0000	10/6/2021	2:06:39 PM
4	1325	34.624	29.613	0.897	0.02	94.66	10.30	28.687	1455.93	198.0000	10/6/2021	2:06:41 PM
4	1326	34.625	29.612	0.894	0.02	94.57	10.29	28.692	1455.94	198.8100	10/6/2021	2:06:43 PM
4	1327	34.626	29.612	0.893	0.02	94.49	10.29	28.697	1455.95	199.8300	10/6/2021	2:06:45 PM
4	1328	34.621	29.604	0.888	0.02	94.27	10.26	28.698	1455.93	200.8300	10/6/2021	2:06:47 PM
4	1329	34.626	29.593	0.870	0.02	94.01	10.24	28.709	1455.88	201.9600	10/6/2021	2:06:49 PM
4	1330	34.625	29.584	0.860	0.02	93.86	10.23	28.714	1455.85	203.2100	10/6/2021	2:06:51 PM
4	1331	34.625	29.579	0.853	0.02	93.82	10.22	28.721	1455.84	204.4200	10/6/2021	2:06:53 PM
4	1332	34.628	29.579	0.850	0.02	93.82	10.22	28.728	1455.85	205.4900	10/6/2021	2:06:55 PM
4	1333	34.622	29.567	0.841	0.02	93.74	10.22	28.730	1455.82	206.7400	10/6/2021	2:06:57 PM
4	1334	34.628	29.563	0.830	0.02	93.85	10.23	28.742	1455.80	207.9900	10/6/2021	2:06:59 PM
4	1335	34.630	29.553	0.816	0.02	93.67	10.22	28.750	1455.76	209.2800	10/6/2021	2:07:01 PM
4	1336	34.627	29.535	0.797	0.02	93.56	10.21	28.755	1455.69	210.4700	10/6/2021	2:07:03 PM
4	1337	34.632	29.530	0.786	0.02	93.61	10.22	28.766	1455.67	211.7300	10/6/2021	2:07:05 PM
4	1338	34.638	29.528	0.778	0.02	93.60	10.22	28.776	1455.66	212.8400	10/6/2021	2:07:07 PM
4	1339	34.638	29.519	0.767	0.02	93.36	10.20	28.781	1455.62	213.8400	10/6/2021	2:07:09 PM
4	1340	34.631	29.506	0.757	0.02	93.18	10.18	28.783	1455.59	215.0300	10/6/2021	2:07:11 PM
4	1341	34.636	29.499	0.744	0.02	93.00	10.16	28.793	1455.56	216.1800	10/6/2021	2:07:13 PM
4	1342	34.634	29.491	0.736	0.02	92.86	10.15	28.797	1455.54	217.3400	10/6/2021	2:07:15 PM
4	1343	34.635	29.485	0.727	0.02	92.97	10.16	28.804	1455.52	218.4200	10/6/2021	2:07:17 PM
4	1344	34.640	29.485	0.722	0.02	92.83	10.15	28.814	1455.52	219.5600	10/6/2021	2:07:19 PM
4	1345	34.636	29.479	0.718	0.02	92.90	10.16	28.816	1455.51	220.6100	10/6/2021	2:07:21 PM
4	1346	34.638	29.474	0.710	0.02	92.94	10.16	28.822	1455.49	221.5500	10/6/2021	2:07:23 PM
4	1347	34.640	29.457	0.688	0.02	92.84	10.16	28.831	1455.42	222.7200	10/6/2021	2:07:25 PM
4	1348	34.641	29.450	0.678	0.02	92.82	10.16	28.838	1455.39	223.7900	10/6/2021	2:07:27 PM
4	1349	34.640	29.441	0.668	0.02	92.78	10.16	28.843	1455.36	224.8900	10/6/2021	2:07:29 PM
4	1350	34.645	29.437	0.659	0.02	92.65	10.15	28.852	1455.34	225.9700	10/6/2021	2:07:31 PM
4	1351	34.647	29.433	0.652	0.02	92.47	10.13	28.858	1455.33	226.7400	10/6/2021	2:07:33 PM
4	1352	34.641	29.420	0.641	0.02	92.41	10.12	28.859	1455.29	227.8300	10/6/2021	2:07:35 PM
4	1353	34.645	29.411	0.627	0.02	92.26	10.11	28.868	1455.25	228.9800	10/6/2021	2:07:37 PM
4	1354	34.645	29.403	0.617	0.02	92.15	10.10	28.874	1455.22	230.0900	10/6/2021	2:07:39 PM
4	1355	34.646	29.397	0.608	0.02	92.04	10.09	28.881	1455.20	231.1700	10/6/2021	2:07:41 PM
4	1356	34.646	29.393	0.603	0.02	91.97	10.08	28.885	1455.19	231.9600	10/6/2021	2:07:43 PM
4	1357	34.645	29.389	0.599	0.02	91.91	10.08	28.889	1455.19	232.9700	10/6/2021	2:07:45 PM
4	1358	34.646	29.381	0.588	0.02	91.69	10.06	28.896	1455.16	234.0700	10/6/2021	2:07:47 PM
4	1359	34.654	29.376	0.575	0.02	91.57	10.05	28.906	1455.12	234.6500	10/6/2021	2:07:49 PM
4	1360	34.649	29.363	0.564	0.02	91.52	10.05	28.907	1455.08	235.7200	10/6/2021	2:07:51 PM
4	1361	34.648	29.354	0.553	0.02	91.36	10.03	28.914	1455.05	236.8800	10/6/2021	2:07:53 PM
4	1362	34.647	29.342	0.540	0.02	91.21	10.02	28.919	1455.01	238.1400	10/6/2021	2:07:55 PM
4	1363	34.651	29.340	0.533	0.02	91.14	10.01	28.928	1455.00	239.1800	10/6/2021	2:07:57 PM
4	1364	34.652	29.333	0.524	0.02	91.05	10.00	28.934	1454.97	240.1700	10/6/2021	2:07:59 PM
4	1365	34.649	29.325	0.516	0.02	90.94	9.99	28.937	1454.95	241.2200	10/6/2021	2:08:01 PM
4	1366	34.646	29.316	0.508	0.02	90.76	9.98	28.941	1454.93	242.4200	10/6/2021	2:08:03 PM
4	1367	34.649	29.313	0.501	0.02	90.65	9.97	28.949	1454.92	243.5200	10/6/2021	2:08:05 PM
4	1368	34.653	29.313	0.497	0.02	90.64	9.97	28.958	1454.93	244.6600	10/6/2021	2:08:07 PM
4	1369	34.654	29.309	0.491	0.02	90.50	9.95	28.965	1454.92	245.9700	10/6/2021	2:08:09 PM
4	1370	34.650	29.301	0.484	0.02	90.40	9.94	28.969	1454.91	247.3000	10/6/2021	2:08:11 PM
4	1371	34.654	29.299	0.478	0.02	90.19	9.92	28.977	1454.90	248.3100	10/6/2021	2:08:13 PM
4	1372	34.653	29.285	0.462	0.02	90.03	9.91	28.982	1454.84	249.3400	10/6/2021	2:08:15 PM
4	1373	34.653	29.275	0.450	0.02	89.89	9.90	28.987	1454.80	250.3000	10/6/2021	2:08:17 PM
4	1374	34.656	29.275	0.447	0.02	89.77	9.88	28.994	1454.81	251.2000	10/6/2021	2:08:19 PM
4	1375	34.653	29.270	0.443	0.02	89.68	9.87	28.997	1454.80	252.2500	10/6/2021	2:08:21 PM
4	1376	34.657	29.271	0.440	0.02	89.65	9.87	29.006	1454.81	253.3400	10/6/2021	2:08:23 PM
4	1377	34.656	29.267	0.436	0.02	89.51	9.86	29.009	1454.81	254.3000	10/6/2021	2:08:25 PM
4	1378	34.655	29.262	0.430	0.02	89.34	9.84	29.015	1454.80	255.4000	10/6/2021	2:08:27 PM
4	1379	34.656	29.261	0.427	0.02	89.27	9.83	29.021	1454.80	256.4400	10/6/2021	2:08:29 PM
4	1380	34.656	29.261	0.427	0.02	89.20	9.83	29.026	1454.82	257.5400	10/6/2021	2:08:31 PM
4	1381	34.656	29.260	0.425	0.02	89.10	9.81	29.032	1454.83	258.8100	10/6/2021	2:08:33 PM
4	1382	34.658	29.261	0.424	0.02	89.09	9.81	29.039	1454.85	259.9100	10/6/2021	2:08:35 PM
4	1383	34.655	29.258	0.422	0.02	89.08	9.81	29.042	1454.86	261.1100	10/6/2021	2:08:37 PM
4	1384	34.659	29.260	0.420	0.02	89.02	9.81	29.052	1454.87	262.3900	10/6/2021	2:08:39 PM
4	1385	34.653	29.255	0.419	0.02	88.96	9.80	29.052	1454.88	263.4900	10/6/2021	2:08:41 PM
4	1386	34.657	29.255	0.415	0.03	88.88	9.79	29.061	1454.88	264.6200	10/6/2021	2:08:43 PM
4	1387	34.659	29.253	0.411	0.02	88.82	9.79	29.067	1454.88	265.5700	10/6/2021	2:08:45 PM
4	1388	34.658	29.251	0.409	0.02	88.73	9.78	29.071	1454.89	266.5700	10/6/2021	2:08:47 PM
4	1389	34.656	29.248	0.406	0.02	88.74	9.78	29.075	1454.89	267.6900	10/6/2021	2:08:49 PM
4	1390	34.661	29.248	0.401	0.02	88.62	9.77	29.085	1454.89	268.7100	10/6/2021	2:08:51 PM
4	1391	34.658	29.244	0.399	0.02	88.70	9.78	29.086	1454.89	269.6600	10/6/2021	2:08:53 PM
4	1392	34.655	29.239	0.395	0.02	88.60	9.77	29.090	1454.89	270.8600	10/6/2021	2:08:55 PM
4	1393	34.658	29.238	0.391	0.02	88.61	9.77	29.097	1454.89	271.8300	10/6/2021	2:08:57 PM
4	1394	34.658	29.238	0.390	0.03	88.45	9.75	29.102	1454.90	272.7000	10/6/2021	2:08:59 PM
4	1395	34.654	29.233	0.387	0.02	88.28	9.73	29.103	1454.90	273.6700	10/6/2021	2:09:01 PM
4	1396	34.657	29.231	0.382	0.02	87.82	9.68	29.111	1454.90	274.7700	10/6/2021	2:09:03 PM
4	1397	34.657	29.231	0.381	0.03	87.66	9.67	29.116	1454.91	275.8700	10/6/2021	2:09:05 PM
4	1398	34.659	29.232	0.380	0.02	87.57	9.66	29.123	1454.93	276.8700	10/6/2021	2:09:07 PM
4	1399	34.660	29.233	0.380	0.02	87.53	9.65	29.125	1454.93	277.1400	10/6/2021	2:09:09 PM
4	1400	34.662	29.235	0.381	0.02	87.45	9.64	29.126	1454.94	277.2200	10/6/2021	2:09:11 PM
4	1401	34.670	29.240	0.379	0.02	87.49	9.65	29.134	1454.95	277.3500	10/6/2021	2:09:13 PM
4	1402	34.672	29.243	0.381	0.02	87.39	9.64	29.136	1454.96	277.4500	10/6/2021	2:09:15 PM
4	1403	34.668	29.239	0.380	0.02	87.44	9.64	29.132	1454.95	277.4300	10/6/2021	2:09:17 PM
4	1404	34.672	29.243	0.381	0.02	87.43	9.64	29.136	1454.96	277.4700	10/6/2021	2:09:19 PM
4	1405	34.678	29.247	0.380	0.02	87.39	9.64	29.141	1454.96	277.4800	10/6/2021	2:09:21 PM
4	1406	34.677	29.245	0.379	0.02	87.42	9.64	29.139	1454.96	277.3800	10/6/2021	2:09:23 PM
4	1407	34.678	29.247	0.380	0.02	87.43	9.64	29.141	1454.96	277.4100	10/6/2021	2:09:25 PM
4	1408	34.679	29.248	0.381	0.02	87.40	9.64	29.141	1454.97	277.5200	10/6/2021	2:09:27 PM
4	1409	34.681	29.249	0.380	0.02	87.39	9.64	29.143	1454.97	277.4700	10/6/2021	2:09:29 PM
4	1410	34.674	29.243	0.379	0.02	87.37	9.63	29.138	1454.95	277.4300	10/6/2021	2:09:31 PM
4	1411	34.679	29.248	0.381	0.02	87.38	9.64	29.141	1454.97	277.4500	10/6/2021	2:09:33 PM
4	1412	34.673	29.243	0.380	0.02	87.37	9.63	29.136	1454.96	277.3800	10/6/2021	2:09:35 PM
4	1413	34.671	29.244	0.383	0.02	87.38	9.64	29.134	1454.97	277.3400	10/6/2021	2:09:37 PM
4	1414	34.682	29.252	0.383	0.02	87.33	9.63	29.143	1454.98	277.4600	10/6/2021	2:09:39 PM
4	1415	34.681	29.251	0.382	0.02	87.36	9.63	29.143	1454.98	277.5100	10/6/2021	2:09:41 PM
4	1416	34.686	29.253	0.380	0.02	87.36	9.63	29.147	1454.97	277.4300	10/6/2021	2:09:43 PM
4	1417	34.682	29.249	0.379	0.02	87.41	9.64	29.143	1454.96	277.3300	10/6/2021	2:09:45 PM
4	1418	34.684	29.252	0.381	0.02	87.32	9.63	29.145	1454.97	277.3900	10/6/2021	2:09:47 PM
4	1419	34.682	29.254	0.385	0.03	87.35	9.63	29.143	1454.99	277.4500	10/6/2021	2:09:49 PM
4	1420	34.690	29.262	0.387	0.02	87.44	9.64	29.150	1455.01	277.5100	10/6/2021	2:09:51 PM
4	1421	34.684	29.259	0.389	0.02	87.40	9.63	29.145	1455.01	277.5100	10/6/2021	2:09:53 PM
4	1422	34.691	29.259	0.383	0.02	87.34	9.63	29.150	1454.99	277.4000	10/6/2021	2:09:55 PM
4	1423	34.685	29.253	0.381	0.02	87.31	9.63	29.146	1454.98	277.3700	10/6/2021	2:09:57 PM
4	1424	34.688	29.254	0.380	0.02	87.33	9.63	29.148	1454.97	277.3200	10/6/2021	2:09:59 PM
4	1425	34.659	29.230	0.378	0.03	87.34	9.63	29.121	1454.91	276.4800	10/6/2021	2:10:01 PM
4	1426	34.658	29.229	0.378	0.02	87.35	9.63	29.116	1454.90	275.5800	10/6/2021	2:10:03 PM
4	1427	34.659	29.228	0.377	0.02	87.41	9.64	29.110	1454.87	274.1200	10/6/2021	2:10:05 PM
4	1428	34.654	29.229	0.383	0.02	87.47	9.65	29.098	1454.86	272.4600	10/6/2021	2:10:07 PM
4	1429	34.655	29.232	0.387	0.02	87.75	9.68	29.089	1454.85	270.6100	10/6/2021	2:10:09 PM
4	1430	34.655	29.239	0.396	0.02	88.11	9.71	29.080	1454.86	268.6400	10/6/2021	2:10:11 PM
4	1431	34.657	29.244	0.401	0.02	88.39	9.74	29.073	1454.86	266.9500	10/6/2021	2:10:13 PM
4	1432	34.654	29.245	0.406	0.02	88.46	9.75	29.063	1454.85	265.4800	10/6/2021	2:10:15 PM
4	1433	34.652	29.245	0.408	0.02	88.58	9.76	29.058	1454.85	264.9200	10/6/2021	2:10:17 PM
4	1434	34.655	29.248	0.409	0.02	88.68	9.77	29.060	1454.85	264.6700	10/6/2021	2:10:19 PM
4	1435	34.656	29.253	0.414	0.02	88.65	9.77	29.056	1454.87	263.8000	10/6/2021	2:10:21 PM
4	1436	34.652	29.252	0.417	0.02	88.72	9.78	29.047	1454.85	262.5600	10/6/2021	2:10:23 PM
4	1437	34.653	29.253	0.418	0.02	88.83	9.79	29.041	1454.84	261.1600	10/6/2021	2:10:25 PM
4	1438	34.653	29.254	0.420	0.02	88.87	9.79	29.035	1454.83	259.9600	10/6/2021	2:10:27 PM
4	1439	34.653	29.255	0.422	0.02	88.90	9.79	29.030	1454.82	259.0000	10/6/2021	2:10:29 PM
4	1440	34.653	29.255	0.423	0.02	88.97	9.80	29.023	1454.80	257.4100	10/6/2021	2:10:31 PM
4	1441	34.651	29.254	0.424	0.02	89.07	9.81	29.013	1454.77	255.5700	10/6/2021	2:10:33 PM
4	1442	34.653	29.263	0.434	0.02	89.14	9.82	29.005	1454.79	253.7700	10/6/2021	2:10:35 PM
4	1443	34.656	29.268	0.438	0.02	89.27	9.83	28.999	1454.78	252.0400	10/6/2021	2:10:37 PM
4	1444	34.651	29.268	0.443	0.02	89.39	9.84	28.986	1454.77	250.2100	10/6/2021	2:10:39 PM
4	1445	34.653	29.285	0.462	0.02	89.59	9.86	28.978	1454.83	248.3500	10/6/2021	2:10:41 PM
4	1446	34.648	29.294	0.478	0.02	89.81	9.88	28.964	1454.87	246.6000	10/6/2021	2:10:43 PM
4	1447	34.648	29.302	0.489	0.02	90.02	9.90	28.955	1454.88	244.8000	10/6/2021	2:10:45 PM
4	1448	34.650	29.307	0.494	0.02	90.23	9.92	28.947	1454.88	242.9800	10/6/2021	2:10:47 PM
4	1449	34.649	29.316	0.506	0.02	90.38	9.94	28.938	1454.91	241.2700	10/6/2021	2:10:49 PM
4	1450	34.644	29.322	0.518	0.02	90.53	9.95	28.925	1454.92	239.4000	10/6/2021	2:10:51 PM
4	1451	34.645	29.331	0.529	0.02	90.76	9.97	28.917	1454.95	237.8000	10/6/2021	2:10:53 PM
4	1452	34.647	29.343	0.542	0.02	90.79	9.97	28.910	1454.98	236.2500	10/6/2021	2:10:55 PM
4	1453	34.641	29.355	0.562	0.02	91.02	9.99	28.896	1455.04	234.6200	10/6/2021	2:10:57 PM
4	1454	34.639	29.376	0.589	0.02	91.16	10.00	28.886	1455.14	233.0800	10/6/2021	2:10:59 PM
4	1455	34.644	29.388	0.599	0.02	91.35	10.02	28.883	1455.17	231.7400	10/6/2021	2:11:01 PM
4	1456	34.642	29.393	0.608	0.02	91.53	10.04	28.873	1455.18	230.2800	10/6/2021	2:11:03 PM
4	1457	34.642	29.404	0.621	0.02	91.67	10.05	28.866	1455.22	228.9200	10/6/2021	2:11:05 PM
4	1458	34.637	29.409	0.632	0.02	91.87	10.07	28.855	1455.24	227.4700	10/6/2021	2:11:07 PM
4	1459	34.638	29.425	0.651	0.02	92.06	10.08	28.847	1455.30	225.9700	10/6/2021	2:11:09 PM
4	1460	34.637	29.435	0.664	0.02	92.16	10.09	28.840	1455.34	224.7300	10/6/2021	2:11:11 PM
4	1461	34.638	29.440	0.670	0.02	92.37	10.11	28.834	1455.34	223.5200	10/6/2021	2:11:13 PM
4	1462	34.636	29.459	0.694	0.02	92.52	10.12	28.825	1455.43	222.1200	10/6/2021	2:11:15 PM
4	1463	34.634	29.471	0.711	0.02	92.68	10.14	28.815	1455.48	220.8000	10/6/2021	2:11:17 PM
4	1464	34.632	29.474	0.717	0.02	92.73	10.14	28.807	1455.48	219.5300	10/6/2021	2:11:19 PM
4	1465	34.634	29.483	0.726	0.02	92.78	10.14	28.802	1455.51	218.1700	10/6/2021	2:11:21 PM
4	1466	34.628	29.483	0.732	0.02	92.76	10.14	28.790	1455.50	216.8000	10/6/2021	2:11:23 PM
4	1467	34.633	29.500	0.748	0.02	92.77	10.14	28.787	1455.56	215.5700	10/6/2021	2:11:25 PM
4	1468	34.632	29.512	0.764	0.02	92.79	10.13	28.779	1455.61	214.2400	10/6/2021	2:11:27 PM
4	1469	34.633	29.521	0.774	0.02	92.91	10.14	28.773	1455.64	212.9800	10/6/2021	2:11:29 PM
4	1470	34.628	29.525	0.784	0.02	93.14	10.17	28.762	1455.65	211.5700	10/6/2021	2:11:31 PM
4	1471	34.620	29.531	0.799	0.02	93.35	10.19	28.748	1455.69	210.3200	10/6/2021	2:11:33 PM
4	1472	34.629	29.554	0.818	0.02	93.40	10.19	28.749	1455.77	209.1500	10/6/2021	2:11:35 PM
4	1473	34.626	29.559	0.827	0.02	93.54	10.20	28.740	1455.78	207.8500	10/6/2021	2:11:37 PM
4	1474	34.628	29.572	0.841	0.02	93.63	10.21	28.734	1455.83	206.5700	10/6/2021	2:11:39 PM
4	1475	34.625	29.573	0.846	0.02	93.69	10.21	28.725	1455.82	205.3400	10/6/2021	2:11:41 PM
4	1476	34.623	29.573	0.848	0.02	93.62	10.20	28.718	1455.81	204.1200	10/6/2021	2:11:43 PM
4	1477	34.626	29.578	0.852	0.02	93.64	10.20	28.714	1455.81	202.8900	10/6/2021	2:11:45 PM
4	1478	34.621	29.583	0.863	0.02	93.68	10.21	28.704	1455.84	201.7800	10/6/2021	2:11:47 PM
4	1479	34.618	29.593	0.878	0.02	93.63	10.20	28.695	1455.88	200.5900	10/6/2021	2:11:49 PM
4	1480	34.621	29.603	0.887	0.02	93.83	10.22	28.692	1455.91	199.4500	10/6/2021	2:11:51 PM
4	1481	34.621	29.608	0.894	0.02	93.97	10.23	28.685	1455.92	198.0800	10/6/2021	2:11:53 PM
4	1482	34.620	29.612	0.900	0.02	94.10	10.24	28.678	1455.92	196.9300	10/6/2021	2:11:55 PM
4	1483	34.620	29.613	0.902	0.02	94.34	10.27	28.673	1455.92	195.9700	10/6/2021	2:11:57 PM
4	1484	34.619	29.618	0.909	0.02	94.55	10.29	28.667	1455.93	194.8900	10/6/2021	2:11:59 PM
4	1485	34.617	29.640	0.937	0.02	94.72	10.30	28.658	1456.03	193.6600	10/6/2021	2:12:01 PM
4	1486	34.607	29.645	0.952	0.02	95.05	10.33	28.644	1456.07	192.6400	10/6/2021	2:12:03 PM
4	1487	34.615	29.672	0.977	0.02	95.43	10.37	28.643	1456.18	191.5500	10/6/2021	2:12:05 PM
4	1488	34.612	29.672	0.980	0.02	95.70	10.40	28.635	1456.17	190.3800	10/6/2021	2:12:07 PM
4	1489	34.612	29.677	0.987	0.02	95.85	10.41	28.629	1456.18	189.1900	10/6/2021	2:12:09 PM
4	1490	34.612	29.685	0.997	0.02	96.06	10.43	28.623	1456.20	188.0400	10/6/2021	2:12:11 PM
4	1491	34.614	29.703	1.016	0.02	96.13	10.43	28.618	1456.27	186.8100	10/6/2021	2:12:13 PM
4	1492	34.610	29.711	1.030	0.02	96.38	10.46	28.608	1456.31	185.6400	10/6/2021	2:12:15 PM
4	1493	34.605	29.713	1.037	0.02	96.44	10.46	28.598	1456.32	184.5300	10/6/2021	2:12:17 PM
4	1494	34.605	29.732	1.060	0.02	96.64	10.48	28.591	1456.40	183.4300	10/6/2021	2:12:19 PM
4	1495	34.609	29.745	1.072	0.02	96.89	10.50	28.588	1456.44	182.3400	10/6/2021	2:12:21 PM
4	1496	34.607	29.748	1.078	0.02	97.08	10.52	28.581	1456.45	181.3400	10/6/2021	2:12:23 PM
4	1497	34.610	29.766	1.096	0.02	97.31	10.54	28.579	1456.52	180.4600	10/6/2021	2:12:25 PM
4	1498	34.599	29.754	1.093	0.02	97.34	10.54	28.565	1456.48	179.4100	10/6/2021	2:12:27 PM
4	1499	34.603	29.753	1.089	0.03	97.48	10.56	28.563	1456.44	178.2100	10/6/2021	2:12:29 PM
4	1500	34.592	29.742	1.087	0.02	97.68	10.58	28.548	1456.40	176.9700	10/6/2021	2:12:31 PM
4	1501	34.592	29.750	1.097	0.02	97.65	10.58	28.542	1456.43	175.8300	10/6/2021	2:12:33 PM
4	1502	34.593	29.753	1.100	0.02	97.59	10.57	28.538	1456.43	174.8900	10/6/2021	2:12:35 PM
4	1503	34.591	29.752	1.101	0.02	97.59	10.57	28.531	1456.41	173.8000	10/6/2021	2:12:37 PM
4	1504	34.588	29.760	1.113	0.02	97.50	10.56	28.524	1456.44	172.7500	10/6/2021	2:12:39 PM
4	1505	34.595	29.774	1.124	0.02	97.54	10.56	28.523	1456.48	171.7500	10/6/2021	2:12:41 PM
4	1506	34.584	29.739	1.094	0.02	97.47	10.56	28.512	1456.32	170.7800	10/6/2021	2:12:43 PM
4	1507	34.569	29.685	1.045	0.02	97.42	10.57	28.499	1456.06	169.7400	10/6/2021	2:12:45 PM
4	1508	34.577	29.687	1.041	0.02	97.41	10.57	28.500	1456.04	168.6900	10/6/2021	2:12:47 PM
4	1509	34.570	29.682	1.042	0.02	97.61	10.59	28.490	1456.02	167.8000	10/6/2021	2:12:49 PM
4	1510	34.565	29.706	1.075	0.02	97.97	10.62	28.479	1456.14	166.7600	10/6/2021	2:12:51 PM
4	1511	34.566	29.721	1.092	0.02	98.15	10.63	28.473	1456.20	165.5500	10/6/2021	2:12:53 PM
4	1512	34.567	29.729	1.101	0.02	98.21	10.64	28.468	1456.22	164.4200	10/6/2021	2:12:55 PM
4	1513	34.561	29.729	1.107	0.02	98.44	10.66	28.457	1456.22	163.2600	10/6/2021	2:12:57 PM
4	1514	34.553	29.705	1.087	0.02	98.56	10.68	28.446	1456.10	162.0200	10/6/2021	2:12:59 PM
4	1515	34.557	29.697	1.075	0.03	98.89	10.72	28.444	1456.04	160.7600	10/6/2021	2:13:01 PM
4	1516	34.553	29.688	1.068	0.02	99.17	10.75	28.437	1455.98	159.6000	10/6/2021	2:13:03 PM
4	1517	34.553	29.682	1.062	0.02	99.29	10.77	28.431	1455.94	158.4800	10/6/2021	2:13:05 PM
4	1518	34.545	29.683	1.071	0.02	99.52	10.79	28.419	1455.94	157.2500	10/6/2021	2:13:07 PM
4	1519	34.544	29.684	1.074	0.02	99.79	10.82	28.412	1455.94	156.0700	10/6/2021	2:13:09 PM
4	1520	34.542	29.687	1.080	0.02	99.92	10.83	28.405	1455.94	155.0000	10/6/2021	2:13:11 PM
4	1521	34.541	29.689	1.083	0.02	100.10	10.85	28.399	1455.94	153.8800	10/6/2021	2:13:13 PM
4	1522	34.540	29.687	1.083	0.02	100.33	10.88	28.392	1455.92	152.7800	10/6/2021	2:13:15 PM
4	1523	34.536	29.686	1.086	0.02	100.39	10.88	28.384	1455.91	151.7200	10/6/2021	2:13:17 PM
4	1524	34.537	29.689	1.089	0.02	100.50	10.89	28.380	1455.91	150.6800	10/6/2021	2:13:19 PM
4	1525	34.537	29.687	1.087	0.02	100.57	10.90	28.375	1455.88	149.5500	10/6/2021	2:13:21 PM
4	1526	34.528	29.694	1.104	0.02	100.65	10.90	28.361	1455.93	148.5500	10/6/2021	2:13:23 PM
4	1527	34.531	29.706	1.116	0.02	100.66	10.90	28.358	1455.97	147.5000	10/6/2021	2:13:25 PM
4	1528	34.528	29.709	1.122	0.02	100.82	10.92	28.350	1455.97	146.2700	10/6/2021	2:13:27 PM
4	1529	34.530	29.736	1.153	0.03	100.80	10.91	28.343	1456.09	145.1800	10/6/2021	2:13:29 PM
4	1530	34.527	29.747	1.169	0.02	100.86	10.91	28.334	1456.14	144.0200	10/6/2021	2:13:31 PM
4	1531	34.528	29.751	1.173	0.02	100.92	10.92	28.329	1456.14	142.7700	10/6/2021	2:13:33 PM
4	1532	34.527	29.755	1.179	0.02	100.90	10.91	28.322	1456.15	141.4700	10/6/2021	2:13:35 PM
4	1533	34.515	29.765	1.202	0.02	100.97	10.91	28.305	1456.21	140.2900	10/6/2021	2:13:37 PM
4	1534	34.523	29.780	1.213	0.02	101.08	10.92	28.305	1456.25	139.0900	10/6/2021	2:13:39 PM
4	1535	34.509	29.752	1.194	0.02	101.30	10.95	28.289	1456.13	137.8000	10/6/2021	2:13:41 PM
4	1536	34.508	29.740	1.182	0.02	101.65	10.99	28.283	1456.06	136.6500	10/6/2021	2:13:43 PM
4	1537	34.504	29.737	1.182	0.02	101.90	11.02	28.276	1456.03	135.5500	10/6/2021	2:13:45 PM
4	1538	34.505	29.742	1.188	0.02	102.07	11.04	28.270	1456.04	134.4700	10/6/2021	2:13:47 PM
4	1539	34.504	29.745	1.193	0.02	102.22	11.05	28.263	1456.04	133.1600	10/6/2021	2:13:49 PM
4	1540	34.501	29.750	1.202	0.02	102.33	11.06	28.254	1456.06	131.9100	10/6/2021	2:13:51 PM
4	1541	34.499	29.753	1.208	0.02	102.40	11.07	28.246	1456.06	130.5200	10/6/2021	2:13:53 PM
4	1542	34.503	29.776	1.232	0.02	102.45	11.07	28.241	1456.15	129.2200	10/6/2021	2:13:55 PM
4	1543	34.505	29.839	1.304	0.02	102.54	11.06	28.231	1456.45	127.8400	10/6/2021	2:13:57 PM
4	1544	34.497	29.853	1.328	0.02	102.54	11.05	28.217	1456.53	126.5700	10/6/2021	2:13:59 PM
4	1545	34.492	29.853	1.333	0.02	102.38	11.03	28.207	1456.53	125.4100	10/6/2021	2:14:01 PM
4	1546	34.494	29.868	1.350	0.02	102.34	11.02	28.201	1456.58	124.1700	10/6/2021	2:14:03 PM
4	1547	34.492	29.871	1.355	0.02	102.30	11.02	28.194	1456.58	123.0400	10/6/2021	2:14:05 PM
4	1548	34.489	29.866	1.353	0.02	102.14	11.00	28.186	1456.55	121.8000	10/6/2021	2:14:07 PM
4	1549	34.487	29.861	1.350	0.02	102.18	11.00	28.178	1456.51	120.5600	10/6/2021	2:14:09 PM
4	1550	34.488	29.858	1.346	0.02	102.23	11.01	28.171	1456.47	118.7300	10/6/2021	2:14:11 PM
4	1551	34.481	29.838	1.331	0.02	102.29	11.02	28.156	1456.36	116.5500	10/6/2021	2:14:13 PM
4	1552	34.475	29.850	1.351	0.02	102.36	11.03	28.139	1456.40	114.2700	10/6/2021	2:14:15 PM
4	1553	34.467	29.840	1.348	0.02	102.41	11.03	28.123	1456.34	112.1400	10/6/2021	2:14:17 PM
4	1554	34.462	29.865	1.383	0.02	102.43	11.02	28.106	1456.46	110.0300	10/6/2021	2:14:19 PM
4	1555	34.457	29.898	1.427	0.02	102.55	11.02	28.088	1456.61	107.8200	10/6/2021	2:14:21 PM
4	1556	34.445	29.906	1.448	0.02	102.64	11.03	28.067	1456.65	105.6200	10/6/2021	2:14:23 PM
4	1557	34.442	29.921	1.469	0.02	102.44	11.00	28.053	1456.70	103.3900	10/6/2021	2:14:25 PM
4	1558	34.438	29.931	1.486	0.02	102.48	11.00	28.039	1456.74	101.5200	10/6/2021	2:14:27 PM
4	1559	34.432	29.940	1.503	0.02	102.34	10.98	28.023	1456.78	99.3600	10/6/2021	2:14:29 PM
4	1560	34.436	30.016	1.588	0.02	102.41	10.97	28.010	1457.12	97.2900	10/6/2021	2:14:31 PM
4	1561	34.429	30.043	1.627	0.02	102.53	10.97	27.992	1457.25	95.1500	10/6/2021	2:14:33 PM
4	1562	34.428	30.086	1.679	0.03	102.67	10.97	27.978	1457.45	93.2500	10/6/2021	2:14:35 PM
4	1563	34.418	30.095	1.699	0.02	102.59	10.96	27.959	1457.49	91.2000	10/6/2021	2:14:37 PM
4	1564	34.409	30.105	1.720	0.02	102.63	10.96	27.940	1457.54	89.0700	10/6/2021	2:14:39 PM
4	1565	34.403	30.120	1.744	0.02	102.82	10.97	27.923	1457.60	86.9500	10/6/2021	2:14:41 PM
4	1566	34.398	30.109	1.737	0.02	102.84	10.97	27.911	1457.53	85.0000	10/6/2021	2:14:43 PM
4	1567	34.382	30.092	1.733	0.02	102.77	10.97	27.889	1457.46	83.0000	10/6/2021	2:14:45 PM
4	1568	34.382	30.143	1.793	0.02	103.15	10.99	27.875	1457.69	81.1600	10/6/2021	2:14:47 PM
4	1569	34.388	30.211	1.867	0.03	103.31	10.99	27.867	1458.00	79.5000	10/6/2021	2:14:49 PM
4	1570	34.387	30.225	1.885	0.02	103.22	10.97	27.856	1458.05	77.6900	10/6/2021	2:14:51 PM
4	1571	34.382	30.214	1.878	0.02	103.07	10.96	27.844	1457.98	75.9100	10/6/2021	2:14:53 PM
4	1572	34.361	30.230	1.917	0.03	103.11	10.96	27.814	1458.09	73.9100	10/6/2021	2:14:55 PM
4	1573	34.365	30.332	2.032	0.02	103.09	10.92	27.799	1458.57	71.9500	10/6/2021	2:14:57 PM
4	1574	34.353	30.535	2.279	0.03	103.31	10.88	27.760	1459.60	70.0500	10/6/2021	2:14:59 PM
4	1575	34.396	30.794	2.538	0.03	103.26	10.80	27.763	1460.75	68.1200	10/6/2021	2:15:01 PM
4	1576	34.435	30.938	2.668	0.03	102.45	10.68	27.774	1461.33	66.1800	10/6/2021	2:15:03 PM
4	1577	34.421	30.949	2.694	0.03	101.67	10.59	27.753	1461.39	64.4100	10/6/2021	2:15:05 PM
4	1578	34.400	30.969	2.738	0.03	101.16	10.53	27.723	1461.53	62.6800	10/6/2021	2:15:07 PM
4	1579	34.420	31.023	2.782	0.03	100.93	10.49	27.727	1461.71	60.7800	10/6/2021	2:15:09 PM
4	1580	34.410	31.020	2.789	0.04	100.77	10.47	27.709	1461.70	58.9900	10/6/2021	2:15:11 PM
4	1581	34.417	31.064	2.833	0.03	100.53	10.44	27.704	1461.87	57.3600	10/6/2021	2:15:13 PM
4	1582	34.411	31.070	2.847	0.03	100.54	10.43	27.689	1461.89	55.4800	10/6/2021	2:15:15 PM
4	1583	34.408	31.074	2.855	0.03	100.38	10.42	27.677	1461.89	53.5100	10/6/2021	2:15:17 PM
4	1584	34.408	31.080	2.863	0.03	100.30	10.41	27.667	1461.89	51.6700	10/6/2021	2:15:19 PM
4	1585	34.412	31.081	2.861	0.03	100.43	10.42	27.663	1461.87	50.1200	10/6/2021	2:15:21 PM
4	1586	34.346	30.879	2.692	0.03	100.28	10.45	27.618	1461.03	48.3300	10/6/2021	2:15:23 PM
4	1587	34.351	30.813	2.613	0.03	100.67	10.51	27.621	1460.66	46.7500	10/6/2021	2:15:25 PM
4	1588	34.346	30.762	2.560	0.03	101.13	10.58	27.614	1460.40	45.2100	10/6/2021	2:15:27 PM
4	1589	34.332	30.732	2.539	0.03	101.46	10.62	27.599	1460.28	44.0700	10/6/2021	2:15:29 PM
4	1590	34.268	30.499	2.330	0.03	101.62	10.69	27.562	1459.27	43.1600	10/6/2021	2:15:31 PM
4	1591	34.262	30.477	2.311	0.02	102.17	10.76	27.552	1459.16	41.7000	10/6/2021	2:15:33 PM
4	1592	34.275	30.563	2.399	0.03	102.82	10.80	27.548	1459.53	40.2500	10/6/2021	2:15:35 PM
4	1593	34.278	30.706	2.562	0.03	103.15	10.79	27.530	1460.22	39.0600	10/6/2021	2:15:37 PM
4	1594	34.303	30.927	2.793	0.04	103.12	10.72	27.524	1461.23	37.6000	10/6/2021	2:15:39 PM
4	1595	34.306	31.002	2.877	0.03	103.02	10.69	27.512	1461.57	36.2900	10/6/2021	2:15:41 PM
4	1596	34.290	30.966	2.851	0.06	102.28	10.62	27.498	1461.42	35.3100	10/6/2021	2:15:43 PM
4	1597	34.262	30.888	2.789	0.03	101.97	10.61	27.473	1461.09	33.7900	10/6/2021	2:15:45 PM
4	1598	34.251	30.888	2.800	0.04	102.27	10.64	27.457	1461.10	32.3300	10/6/2021	2:15:47 PM
4	1599	34.242	30.909	2.833	0.03	102.45	10.65	27.441	1461.21	31.0600	10/6/2021	2:15:49 PM
4	1600	34.216	30.924	2.875	0.04	102.70	10.67	27.410	1461.34	29.6300	10/6/2021	2:15:51 PM
4	1601	34.221	30.966	2.920	0.04	102.87	10.67	27.402	1461.51	28.1700	10/6/2021	2:15:53 PM
4	1602	34.220	30.998	2.958	0.04	102.78	10.65	27.392	1461.65	26.8100	10/6/2021	2:15:55 PM
4	1603	34.220	31.048	3.016	0.04	102.63	10.62	27.380	1461.88	25.4200	10/6/2021	2:15:57 PM
4	1604	34.224	31.082	3.052	0.04	102.81	10.63	27.374	1462.02	24.1700	10/6/2021	2:15:59 PM
4	1605	34.211	31.062	3.042	0.05	102.56	10.61	27.360	1461.94	23.2000	10/6/2021	2:16:01 PM
4	1606	34.195	31.034	3.026	0.06	102.49	10.61	27.342	1461.83	21.8300	10/6/2021	2:16:03 PM
4	1607	34.189	31.030	3.027	0.06	102.58	10.62	27.332	1461.80	20.5100	10/6/2021	2:16:05 PM
4	1608	34.179	31.063	3.075	0.06	102.82	10.63	27.313	1461.97	19.2200	10/6/2021	2:16:07 PM
4	1609	34.181	31.114	3.133	0.06	102.86	10.62	27.302	1462.20	17.7400	10/6/2021	2:16:09 PM
4	1610	34.173	31.138	3.169	0.06	102.91	10.61	27.286	1462.32	16.4400	10/6/2021	2:16:11 PM
4	1611	34.155	31.140	3.189	0.07	102.81	10.60	27.263	1462.36	14.9600	10/6/2021	2:16:13 PM
4	1612	34.149	31.169	3.228	0.09	102.87	10.60	27.249	1462.49	13.5600	10/6/2021	2:16:15 PM
4	1613	34.133	31.173	3.249	0.08	102.84	10.59	27.227	1462.54	12.2400	10/6/2021	2:16:17 PM
4	1614	34.077	31.144	3.269	0.10	102.78	10.58	27.175	1462.53	11.0300	10/6/2021	2:16:19 PM
4	1615	34.017	31.111	3.289	0.11	102.67	10.57	27.119	1462.52	9.7100	10/6/2021	2:16:21 PM
4	1616	33.985	31.078	3.282	0.12	102.47	10.55	27.088	1462.42	8.2300	10/6/2021	2:16:23 PM
4	1617	33.847	30.950	3.267	0.14	101.98	10.52	26.972	1462.16	6.7900	10/6/2021	2:16:25 PM
4	1618	33.846	30.948	3.266	0.15	101.42	10.46	26.967	1462.14	5.8100	10/6/2021	2:16:27 PM
4	1619	33.841	30.945	3.268	0.15	101.19	10.43	26.956	1462.12	4.4000	10/6/2021	2:16:29 PM
4	1620	33.841	30.944	3.267	0.14	101.02	10.42	26.952	1462.10	3.3900	10/6/2021	2:16:31 PM
4	1621	33.837	30.941	3.268	0.15	100.89	10.40	26.943	1462.08	2.3200	10/6/2021	2:16:33 PM
4	1622	33.837	30.940	3.267	0.15	100.90	10.40	26.941	1462.06	1.6500	10/6/2021	2:16:35 PM
4	1623	33.841	30.943	3.267	0.16	100.93	10.41	26.941	1462.06	1.1700	10/6/2021	2:16:37 PM
4	1624	33.831	30.941	3.275	0.15	100.86	10.40	26.929	1462.07	0.3800	10/6/2021	2:16:39 PM
4	1625	33.828	30.940	3.277	0.16	100.87	10.40	26.925	1462.07	0.2500	10/6/2021	2:16:41 PM
4	1626	0.291	0.354	3.224	0.03	100.85	13.07	0.206	1418.42	0.0200	10/6/2021	2:16:43 PM
4	1627	0.000	0.000	3.068	0.03	100.62	13.12	-0.032	1417.30	0.0200	10/6/2021	2:16:45 PM
4	1628	0.000	0.000	2.909	0.03	100.12	13.11	-0.034	1416.56	0.0200	10/6/2021	2:16:47 PM
4	1629	0.000	0.000	2.755	0.03	99.74	13.12	-0.037	1415.83	0.0200	10/6/2021	2:16:49 PM
4	1630	0.000	0.000	2.716	0.03	99.53	13.11	-0.038	1415.65	0.0200	10/6/2021	2:16:51 PM
4	1631	0.000	0.000	2.711	0.03	99.25	13.07	-0.038	1415.62	0.0100	10/6/2021	2:16:53 PM
4	1632	0.000	0.000	2.711	0.02	99.10	13.05	-0.038	1415.62	0.0200	10/6/2021	2:16:55 PM
4	1633	0.000	0.000	2.711	0.03	98.82	13.01	-0.038	1415.62	0.0200	10/6/2021	2:16:57 PM
4	1634	0.000	0.000	2.702	0.03	98.79	13.01	-0.038	1415.58	0.0100	10/6/2021	2:16:59 PM
4	1635	0.000	0.000	2.697	0.03	98.80	13.02	-0.038	1415.56	0.0200	10/6/2021	2:17:01 PM
4	1636	0.000	0.000	2.706	0.03	98.71	13.00	-0.038	1415.60	0.0200	10/6/2021	2:17:03 PM
4	1637	0.000	0.000	2.710	0.02	98.66	12.99	-0.038	1415.62	0.0300	10/6/2021	2:17:05 PM
4	1638	0.000	0.000	2.702	0.03	98.75	13.01	-0.038	1415.58	0.0200	10/6/2021	2:17:07 PM
4	1639	0.000	0.000	2.695	0.02	98.52	12.98	-0.038	1415.55	0.0000	10/6/2021	2:17:09 PM
4	1640	0.000	0.000	2.678	0.03	98.52	12.99	-0.039	1415.47	0.0100	10/6/2021	2:17:11 PM
