From file: AB332_all	Instrument no.:	1320
Ser	Interval (sec)	Integration	Air pressure	Salinity	Chart Datum (dbar)	
2	2		1002.29	
Ser	Meas	Sal.	Cond.	Temp	F (µg/l)	OpOx %	Opmg/l	Density	S. vel.	Press	Date	Time
2	881	0.000	0.000	5.952	0.14	99.40	12.25	-0.055	1430.38	0.0000	10/7/2021	1:20:38 PM
2	882	0.000	0.000	6.095	0.13	102.02	12.53	-0.060	1431.01	0.0100	10/7/2021	1:20:40 PM
2	883	0.000	0.000	6.241	0.14	103.05	12.61	-0.065	1431.64	0.0100	10/7/2021	1:20:42 PM
2	884	0.000	0.000	6.431	0.13	102.78	12.52	-0.072	1432.47	0.0100	10/7/2021	1:20:44 PM
2	885	0.000	0.000	6.404	0.13	102.63	12.51	-0.071	1432.35	0.0100	10/7/2021	1:20:46 PM
2	886	0.000	0.000	6.298	0.13	102.77	12.56	-0.067	1431.89	0.0000	10/7/2021	1:20:48 PM
2	887	0.000	0.000	6.153	0.31	102.53	12.58	-0.062	1431.26	0.0100	10/7/2021	1:20:50 PM
2	888	0.000	0.000	6.034	0.69	102.34	12.59	-0.058	1430.74	0.0000	10/7/2021	1:20:52 PM
2	889	0.000	0.000	5.966	0.14	102.34	12.61	-0.056	1430.44	0.0100	10/7/2021	1:20:54 PM
2	890	0.000	0.000	5.861	0.13	102.28	12.64	-0.053	1429.98	0.0100	10/7/2021	1:20:56 PM
2	891	0.000	0.000	5.751	0.13	102.29	12.67	-0.050	1429.50	0.0100	10/7/2021	1:20:58 PM
2	892	0.000	0.000	5.604	0.13	103.37	12.86	-0.046	1428.85	0.0100	10/7/2021	1:21:00 PM
2	893	0.000	0.000	4.567	0.14	104.66	13.37	-0.028	1424.21	0.0200	10/7/2021	1:21:02 PM
2	894	0.000	0.000	3.598	0.13	105.56	13.83	-0.026	1419.78	0.0200	10/7/2021	1:21:04 PM
2	895	0.000	0.000	2.940	0.14	105.67	14.09	-0.034	1416.70	0.0100	10/7/2021	1:21:06 PM
2	896	0.000	0.000	2.585	0.14	105.49	14.20	-0.041	1415.03	0.0100	10/7/2021	1:21:08 PM
2	897	0.000	0.000	2.392	0.14	105.83	14.32	-0.046	1414.11	0.0100	10/7/2021	1:21:10 PM
2	898	0.000	0.000	2.219	0.14	105.67	14.37	-0.050	1413.28	0.0100	10/7/2021	1:21:12 PM
2	899	0.000	0.000	2.053	1.00	108.86	14.87	-0.055	1412.49	0.0200	10/7/2021	1:21:14 PM
2	900	33.192	30.544	3.430	0.31	108.89	11.45	26.404	1461.89	0.2500	10/7/2021	1:21:16 PM
2	901	33.105	30.780	3.792	0.32	106.49	11.10	26.305	1463.33	1.2300	10/7/2021	1:21:18 PM
2	902	33.081	30.779	3.814	0.30	104.72	10.91	26.282	1463.38	0.6900	10/7/2021	1:21:20 PM
2	903	33.087	30.784	3.814	0.34	103.38	10.77	26.288	1463.39	1.0100	10/7/2021	1:21:22 PM
2	904	33.086	30.786	3.817	0.31	102.95	10.73	26.287	1463.40	0.9400	10/7/2021	1:21:24 PM
2	905	33.093	30.788	3.813	0.33	102.61	10.69	26.292	1463.40	0.9600	10/7/2021	1:21:26 PM
2	906	33.088	30.785	3.814	0.31	102.41	10.67	26.289	1463.39	0.9700	10/7/2021	1:21:28 PM
2	907	33.098	30.799	3.821	0.34	102.36	10.66	26.296	1463.44	1.1300	10/7/2021	1:21:30 PM
2	908	33.098	30.791	3.812	0.31	101.87	10.61	26.296	1463.40	0.8800	10/7/2021	1:21:32 PM
2	909	33.100	30.799	3.819	0.31	101.86	10.61	26.299	1463.43	1.2800	10/7/2021	1:21:34 PM
2	910	33.101	30.794	3.812	0.33	101.55	10.58	26.298	1463.40	0.7400	10/7/2021	1:21:36 PM
2	911	33.094	30.791	3.815	0.31	101.42	10.57	26.295	1463.41	1.2600	10/7/2021	1:21:38 PM
2	912	33.084	30.776	3.808	0.33	101.28	10.56	26.284	1463.36	0.7400	10/7/2021	1:21:40 PM
2	913	33.096	30.788	3.810	0.35	101.11	10.54	26.295	1463.39	0.8900	10/7/2021	1:21:42 PM
2	914	33.101	30.793	3.811	0.34	101.07	10.53	26.299	1463.40	1.0700	10/7/2021	1:21:44 PM
2	915	33.098	30.791	3.811	0.31	101.04	10.53	26.297	1463.40	1.0300	10/7/2021	1:21:46 PM
2	916	33.096	30.789	3.811	0.30	100.90	10.51	26.295	1463.39	0.8600	10/7/2021	1:21:48 PM
2	917	33.102	30.795	3.812	0.34	100.77	10.50	26.300	1463.40	0.9700	10/7/2021	1:21:50 PM
2	918	33.103	30.799	3.816	0.31	100.85	10.51	26.300	1463.42	1.0300	10/7/2021	1:21:52 PM
2	919	33.101	30.795	3.813	0.31	100.64	10.49	26.298	1463.40	0.7400	10/7/2021	1:21:54 PM
2	920	33.100	30.794	3.813	0.31	100.70	10.49	26.299	1463.41	1.1700	10/7/2021	1:21:56 PM
2	921	33.103	30.791	3.807	0.29	100.49	10.47	26.298	1463.37	0.3100	10/7/2021	1:21:58 PM
2	922	1.098	1.281	3.681	0.27	100.44	13.04	0.859	1421.61	0.0200	10/7/2021	1:22:00 PM
2	923	33.139	30.803	3.785	0.30	100.45	10.47	26.329	1463.33	0.3300	10/7/2021	1:22:02 PM
2	924	32.402	30.168	3.768	0.29	100.44	10.53	25.744	1462.31	0.5000	10/7/2021	1:22:04 PM
2	925	33.121	30.800	3.800	0.29	100.32	10.46	26.313	1463.37	0.3200	10/7/2021	1:22:06 PM
2	926	33.126	30.803	3.798	0.30	100.45	10.47	26.320	1463.38	1.0700	10/7/2021	1:22:08 PM
2	927	33.122	30.803	3.802	0.28	100.35	10.46	26.314	1463.38	0.4000	10/7/2021	1:22:10 PM
2	928	33.119	30.802	3.804	0.30	100.46	10.47	26.313	1463.39	0.9200	10/7/2021	1:22:12 PM
2	929	33.124	30.807	3.805	0.30	100.48	10.47	26.318	1463.40	1.1300	10/7/2021	1:22:14 PM
2	930	33.126	30.812	3.808	0.33	100.66	10.49	26.324	1463.44	2.1400	10/7/2021	1:22:16 PM
2	931	33.128	30.814	3.808	0.32	100.68	10.49	26.329	1463.45	2.8000	10/7/2021	1:22:18 PM
2	932	33.126	30.814	3.809	0.33	100.81	10.50	26.333	1463.47	3.8300	10/7/2021	1:22:20 PM
2	933	33.128	30.816	3.809	0.34	100.83	10.51	26.337	1463.48	4.3300	10/7/2021	1:22:22 PM
2	934	33.127	30.817	3.811	0.32	100.86	10.51	26.339	1463.50	5.1000	10/7/2021	1:22:24 PM
2	935	33.122	30.811	3.809	0.32	100.76	10.50	26.338	1463.49	5.7100	10/7/2021	1:22:26 PM
2	936	33.124	30.813	3.809	0.32	100.86	10.51	26.342	1463.50	6.2100	10/7/2021	1:22:28 PM
2	937	33.121	30.807	3.804	0.32	100.77	10.50	26.344	1463.49	6.8800	10/7/2021	1:22:30 PM
2	938	33.117	30.801	3.801	0.36	100.74	10.50	26.343	1463.48	7.4000	10/7/2021	1:22:32 PM
2	939	33.120	30.804	3.801	0.32	100.68	10.49	26.348	1463.50	7.9800	10/7/2021	1:22:34 PM
2	940	33.116	30.804	3.805	0.31	100.71	10.49	26.347	1463.51	8.4900	10/7/2021	1:22:36 PM
2	941	33.117	30.804	3.804	0.34	100.66	10.49	26.350	1463.52	9.0400	10/7/2021	1:22:38 PM
2	942	33.118	30.808	3.807	0.31	100.61	10.48	26.353	1463.54	9.5800	10/7/2021	1:22:40 PM
2	943	33.123	30.815	3.810	0.31	100.64	10.49	26.360	1463.57	10.1700	10/7/2021	1:22:42 PM
2	944	33.126	30.818	3.810	0.31	100.63	10.48	26.365	1463.59	10.7200	10/7/2021	1:22:44 PM
2	945	33.129	30.821	3.811	0.31	100.55	10.48	26.369	1463.60	11.3400	10/7/2021	1:22:46 PM
2	946	33.124	30.818	3.812	0.30	100.56	10.48	26.368	1463.61	11.8900	10/7/2021	1:22:48 PM
2	947	33.136	30.831	3.815	0.31	100.55	10.47	26.380	1463.65	12.5600	10/7/2021	1:22:50 PM
2	948	33.142	30.837	3.816	0.34	100.42	10.46	26.388	1463.67	13.1100	10/7/2021	1:22:52 PM
2	949	33.155	30.854	3.822	0.32	100.35	10.45	26.401	1463.72	13.7200	10/7/2021	1:22:54 PM
2	950	33.153	30.856	3.826	0.30	100.34	10.45	26.402	1463.75	14.3900	10/7/2021	1:22:56 PM
2	951	33.155	30.859	3.828	0.31	100.34	10.45	26.406	1463.77	15.0800	10/7/2021	1:22:58 PM
2	952	33.159	30.863	3.828	0.35	100.30	10.44	26.412	1463.78	15.6800	10/7/2021	1:23:00 PM
2	953	33.157	30.862	3.829	0.36	100.17	10.43	26.412	1463.79	16.0100	10/7/2021	1:23:02 PM
2	954	33.153	30.860	3.830	0.33	100.25	10.44	26.411	1463.80	16.5400	10/7/2021	1:23:04 PM
2	955	33.157	30.863	3.829	0.33	100.17	10.43	26.418	1463.81	17.1600	10/7/2021	1:23:06 PM
2	956	33.159	30.865	3.829	0.31	100.12	10.42	26.421	1463.82	17.4100	10/7/2021	1:23:08 PM
2	957	33.158	30.864	3.829	0.31	100.11	10.42	26.420	1463.82	17.4300	10/7/2021	1:23:10 PM
2	958	33.160	30.867	3.830	0.35	100.11	10.42	26.425	1463.83	18.1700	10/7/2021	1:23:12 PM
2	959	33.161	30.868	3.830	0.32	100.04	10.42	26.429	1463.85	18.9300	10/7/2021	1:23:14 PM
2	960	33.160	30.867	3.830	0.32	99.98	10.41	26.432	1463.86	19.8200	10/7/2021	1:23:16 PM
2	961	33.166	30.872	3.829	0.34	100.03	10.41	26.441	1463.88	20.6800	10/7/2021	1:23:18 PM
2	962	33.172	30.881	3.833	0.32	99.92	10.40	26.450	1463.92	21.5500	10/7/2021	1:23:20 PM
2	963	33.183	30.893	3.836	0.31	99.89	10.40	26.462	1463.96	22.4400	10/7/2021	1:23:22 PM
2	964	33.185	30.896	3.837	0.33	99.95	10.40	26.467	1463.98	23.2100	10/7/2021	1:23:24 PM
2	965	33.190	30.901	3.838	0.34	99.97	10.40	26.474	1464.00	23.9700	10/7/2021	1:23:26 PM
2	966	33.194	30.906	3.839	0.31	99.84	10.39	26.482	1464.03	24.9800	10/7/2021	1:23:28 PM
2	967	33.195	30.909	3.841	0.36	99.85	10.39	26.488	1464.06	26.1200	10/7/2021	1:23:30 PM
2	968	33.206	30.923	3.846	0.31	99.84	10.39	26.500	1464.10	26.9200	10/7/2021	1:23:32 PM
2	969	33.209	30.929	3.850	0.30	99.87	10.39	26.506	1464.14	27.6800	10/7/2021	1:23:34 PM
2	970	33.282	31.015	3.878	0.24	99.94	10.38	26.565	1464.36	28.5300	10/7/2021	1:23:36 PM
2	971	33.389	31.170	3.953	0.22	100.24	10.39	26.647	1464.83	29.5700	10/7/2021	1:23:38 PM
2	972	33.507	31.330	4.022	0.18	100.41	10.38	26.739	1465.29	30.5500	10/7/2021	1:23:40 PM
2	973	33.599	31.473	4.097	0.15	100.43	10.36	26.809	1465.73	31.4300	10/7/2021	1:23:42 PM
2	974	33.628	31.537	4.142	0.17	100.55	10.36	26.831	1465.97	32.3000	10/7/2021	1:23:44 PM
2	975	33.635	31.547	4.147	0.16	100.54	10.35	26.840	1466.02	33.1500	10/7/2021	1:23:46 PM
2	976	33.638	31.553	4.150	0.17	100.59	10.36	26.846	1466.04	33.9000	10/7/2021	1:23:48 PM
2	977	33.636	31.542	4.139	0.17	100.44	10.35	26.849	1466.01	34.7100	10/7/2021	1:23:50 PM
2	978	33.660	31.537	4.110	0.17	100.37	10.34	26.874	1465.93	35.4700	10/7/2021	1:23:52 PM
2	979	33.705	31.564	4.096	0.15	100.50	10.36	26.916	1465.95	36.3400	10/7/2021	1:23:54 PM
2	980	33.728	31.581	4.093	0.16	100.59	10.37	26.938	1465.98	37.1900	10/7/2021	1:23:56 PM
2	981	33.733	31.586	4.094	0.15	100.65	10.37	26.946	1466.00	38.0300	10/7/2021	1:23:58 PM
2	982	33.756	31.605	4.093	0.17	100.74	10.38	26.969	1466.04	39.0300	10/7/2021	1:24:00 PM
2	983	33.807	31.645	4.089	0.15	100.70	10.37	27.014	1466.10	39.8800	10/7/2021	1:24:02 PM
2	984	33.822	31.656	4.086	0.16	100.80	10.38	27.030	1466.13	40.7400	10/7/2021	1:24:04 PM
2	985	33.855	31.662	4.061	0.20	100.64	10.37	27.063	1466.08	41.6700	10/7/2021	1:24:06 PM
2	986	33.884	31.661	4.031	0.13	100.36	10.35	27.094	1466.01	42.6500	10/7/2021	1:24:08 PM
2	987	33.899	31.669	4.025	0.16	100.00	10.31	27.112	1466.02	43.6900	10/7/2021	1:24:10 PM
2	988	33.903	31.671	4.023	0.15	99.84	10.29	27.118	1466.03	44.4300	10/7/2021	1:24:12 PM
2	989	33.908	31.675	4.022	0.14	99.66	10.28	27.127	1466.05	45.3800	10/7/2021	1:24:14 PM
2	990	33.909	31.676	4.022	0.14	99.69	10.28	27.132	1466.06	46.3000	10/7/2021	1:24:16 PM
2	991	33.916	31.680	4.019	0.13	99.78	10.29	27.143	1466.08	47.3200	10/7/2021	1:24:18 PM
2	992	33.924	31.685	4.017	0.12	99.68	10.28	27.154	1466.10	48.4900	10/7/2021	1:24:20 PM
2	993	33.937	31.683	4.001	0.14	100.27	10.34	27.172	1466.07	49.6000	10/7/2021	1:24:22 PM
2	994	33.944	31.682	3.993	0.14	100.59	10.38	27.183	1466.06	50.6200	10/7/2021	1:24:24 PM
2	995	33.953	31.677	3.978	0.15	100.80	10.40	27.197	1466.02	51.6700	10/7/2021	1:24:26 PM
2	996	33.966	31.675	3.963	0.14	100.89	10.41	27.214	1466.00	52.8600	10/7/2021	1:24:28 PM
2	997	33.975	31.677	3.956	0.13	100.86	10.41	27.227	1466.00	53.9400	10/7/2021	1:24:30 PM
2	998	33.985	31.670	3.937	0.31	100.98	10.43	27.242	1465.95	55.0500	10/7/2021	1:24:32 PM
2	999	34.002	31.670	3.920	0.13	100.81	10.41	27.263	1465.92	56.1900	10/7/2021	1:24:34 PM
2	1000	34.014	31.650	3.885	0.13	100.86	10.43	27.282	1465.81	57.5500	10/7/2021	1:24:36 PM
2	1001	34.033	31.627	3.840	0.13	101.07	10.46	27.308	1465.67	58.8000	10/7/2021	1:24:38 PM
2	1002	34.055	31.646	3.840	0.13	101.02	10.45	27.329	1465.71	59.6900	10/7/2021	1:24:40 PM
2	1003	34.031	31.593	3.802	0.13	101.22	10.48	27.318	1465.53	60.5100	10/7/2021	1:24:42 PM
2	1004	34.058	31.583	3.765	0.12	101.26	10.50	27.346	1465.42	61.2000	10/7/2021	1:24:44 PM
2	1005	34.075	31.578	3.742	0.12	101.28	10.50	27.366	1465.36	61.9400	10/7/2021	1:24:46 PM
2	1006	34.079	31.553	3.709	0.12	101.24	10.51	27.376	1465.24	62.8100	10/7/2021	1:24:48 PM
2	1007	34.098	31.549	3.686	0.12	101.41	10.53	27.399	1465.19	63.8900	10/7/2021	1:24:50 PM
2	1008	34.099	31.532	3.665	0.11	101.52	10.54	27.405	1465.11	64.7300	10/7/2021	1:24:52 PM
2	1009	34.123	31.561	3.675	0.12	101.52	10.54	27.427	1465.20	65.5600	10/7/2021	1:24:54 PM
2	1010	34.127	31.614	3.731	0.13	101.34	10.51	27.429	1465.45	66.4300	10/7/2021	1:24:56 PM
2	1011	34.152	31.663	3.763	0.13	101.33	10.50	27.450	1465.64	67.3200	10/7/2021	1:24:58 PM
2	1012	34.181	31.744	3.827	0.14	101.20	10.46	27.471	1465.96	68.2200	10/7/2021	1:25:00 PM
2	1013	34.194	31.868	3.955	0.14	100.81	10.39	27.473	1466.53	69.2700	10/7/2021	1:25:02 PM
2	1014	34.248	32.026	4.083	0.16	100.23	10.30	27.507	1467.15	70.3400	10/7/2021	1:25:04 PM
2	1015	34.258	32.111	4.169	0.14	99.94	10.24	27.510	1467.53	71.3100	10/7/2021	1:25:06 PM
2	1016	34.294	32.222	4.260	0.15	99.66	10.19	27.534	1467.97	72.3500	10/7/2021	1:25:08 PM
2	1017	34.297	32.274	4.315	0.15	99.47	10.16	27.536	1468.22	73.4200	10/7/2021	1:25:10 PM
2	1018	34.313	32.199	4.214	0.14	99.39	10.17	27.564	1467.84	74.4100	10/7/2021	1:25:12 PM
2	1019	34.241	31.898	3.941	0.18	100.21	10.33	27.540	1466.63	75.4100	10/7/2021	1:25:14 PM
2	1020	34.305	32.003	3.999	0.15	100.27	10.32	27.590	1466.97	76.4800	10/7/2021	1:25:16 PM
2	1021	34.354	32.206	4.181	0.17	99.81	10.22	27.615	1467.81	77.7200	10/7/2021	1:25:18 PM
2	1022	34.361	32.260	4.235	0.15	99.54	10.18	27.621	1468.07	79.0400	10/7/2021	1:25:20 PM
2	1023	34.376	32.294	4.259	0.18	99.41	10.16	27.635	1468.20	80.2200	10/7/2021	1:25:22 PM
2	1024	34.388	32.321	4.277	0.17	99.39	10.15	27.649	1468.31	81.4000	10/7/2021	1:25:24 PM
2	1025	34.390	32.332	4.287	0.16	99.32	10.14	27.655	1468.38	82.7200	10/7/2021	1:25:26 PM
2	1026	34.412	32.375	4.314	0.15	99.41	10.14	27.675	1468.54	83.8500	10/7/2021	1:25:28 PM
2	1027	34.421	32.400	4.333	0.15	99.34	10.13	27.685	1468.64	84.9000	10/7/2021	1:25:30 PM
2	1028	34.434	32.411	4.332	0.17	99.32	10.13	27.701	1468.68	86.0600	10/7/2021	1:25:32 PM
2	1029	34.442	32.406	4.318	0.15	99.37	10.14	27.714	1468.65	87.1300	10/7/2021	1:25:34 PM
2	1030	34.451	32.407	4.310	0.15	99.27	10.13	27.727	1468.64	88.2500	10/7/2021	1:25:36 PM
2	1031	34.461	32.417	4.311	0.15	99.31	10.13	27.741	1468.68	89.4000	10/7/2021	1:25:38 PM
2	1032	34.482	32.436	4.312	0.18	99.24	10.12	27.761	1468.72	90.3700	10/7/2021	1:25:40 PM
2	1033	34.486	32.408	4.276	0.15	99.09	10.11	27.774	1468.60	91.4700	10/7/2021	1:25:42 PM
2	1034	34.503	32.465	4.323	0.14	99.14	10.11	27.789	1468.84	92.8000	10/7/2021	1:25:44 PM
2	1035	34.535	32.550	4.388	0.14	99.03	10.08	27.812	1469.17	94.1600	10/7/2021	1:25:46 PM
2	1036	34.570	32.540	4.343	0.14	98.53	10.04	27.850	1469.05	95.2800	10/7/2021	1:25:48 PM
2	1037	34.464	32.173	4.030	0.12	98.86	10.15	27.804	1467.63	96.2100	10/7/2021	1:25:50 PM
2	1038	34.534	32.095	3.875	0.12	99.03	10.20	27.881	1467.08	97.1500	10/7/2021	1:25:52 PM
2	1039	34.510	31.932	3.713	0.12	99.13	10.26	27.884	1466.39	98.2800	10/7/2021	1:25:54 PM
2	1040	34.516	31.815	3.574	0.13	99.30	10.31	27.908	1465.84	99.4100	10/7/2021	1:25:56 PM
2	1041	34.523	31.766	3.511	0.11	99.44	10.34	27.925	1465.60	100.4700	10/7/2021	1:25:58 PM
2	1042	34.526	31.757	3.498	0.11	99.44	10.34	27.933	1465.56	101.5700	10/7/2021	1:26:00 PM
2	1043	34.542	31.721	3.441	0.11	99.38	10.35	27.957	1465.36	102.6000	10/7/2021	1:26:02 PM
2	1044	34.502	31.549	3.283	0.11	99.54	10.41	27.946	1464.66	103.7600	10/7/2021	1:26:04 PM
2	1045	34.503	31.450	3.169	0.11	99.75	10.46	27.964	1464.20	105.0100	10/7/2021	1:26:06 PM
2	1046	34.522	31.474	3.178	0.11	99.88	10.47	27.983	1464.28	106.2300	10/7/2021	1:26:08 PM
2	1047	34.560	31.591	3.274	0.12	99.47	10.40	28.010	1464.75	107.2400	10/7/2021	1:26:10 PM
2	1048	34.545	31.674	3.382	0.12	99.15	10.34	27.992	1465.21	108.4300	10/7/2021	1:26:12 PM
2	1049	34.589	31.870	3.562	0.11	98.68	10.24	28.015	1466.05	109.6900	10/7/2021	1:26:14 PM
2	1050	34.621	32.003	3.682	0.12	98.18	10.16	28.034	1466.61	111.0100	10/7/2021	1:26:16 PM
2	1051	34.619	32.022	3.704	0.11	97.92	10.13	28.037	1466.72	112.1900	10/7/2021	1:26:18 PM
2	1052	34.612	31.957	3.637	0.11	97.99	10.15	28.044	1466.45	113.4900	10/7/2021	1:26:20 PM
2	1053	34.611	31.914	3.589	0.12	98.02	10.17	28.053	1466.27	114.6300	10/7/2021	1:26:22 PM
2	1054	34.609	31.880	3.551	0.12	98.16	10.19	28.062	1466.13	115.9300	10/7/2021	1:26:24 PM
2	1055	34.622	31.854	3.509	0.11	98.17	10.20	28.082	1465.99	117.1700	10/7/2021	1:26:26 PM
2	1056	34.620	31.810	3.461	0.11	98.11	10.21	28.090	1465.80	118.3900	10/7/2021	1:26:28 PM
2	1057	34.623	31.807	3.454	0.10	98.05	10.20	28.099	1465.80	119.4800	10/7/2021	1:26:30 PM
2	1058	34.627	31.815	3.459	0.11	97.93	10.19	28.106	1465.84	120.5800	10/7/2021	1:26:32 PM
2	1059	34.626	31.816	3.460	0.11	97.98	10.19	28.110	1465.86	121.5600	10/7/2021	1:26:34 PM
2	1060	34.655	31.877	3.501	0.11	97.64	10.14	28.135	1466.09	122.6700	10/7/2021	1:26:36 PM
2	1061	34.654	31.900	3.528	0.10	97.46	10.12	28.135	1466.21	123.5500	10/7/2021	1:26:38 PM
2	1062	34.666	31.934	3.554	0.11	97.22	10.09	28.147	1466.36	124.4800	10/7/2021	1:26:40 PM
2	1063	34.658	31.922	3.548	0.11	96.94	10.06	28.145	1466.34	125.4200	10/7/2021	1:26:42 PM
2	1064	34.656	31.883	3.505	0.10	96.98	10.08	28.152	1466.17	126.3900	10/7/2021	1:26:44 PM
2	1065	34.685	31.920	3.519	0.10	96.85	10.06	28.179	1466.28	127.4100	10/7/2021	1:26:46 PM
2	1066	34.713	31.975	3.555	0.10	96.52	10.01	28.201	1466.48	128.3800	10/7/2021	1:26:48 PM
2	1067	34.715	31.991	3.570	0.10	96.32	9.99	28.206	1466.57	129.3200	10/7/2021	1:26:50 PM
2	1068	34.713	31.992	3.573	0.09	96.26	9.98	28.209	1466.59	130.3000	10/7/2021	1:26:52 PM
2	1069	34.711	31.992	3.574	0.09	96.30	9.98	28.212	1466.61	131.3500	10/7/2021	1:26:54 PM
2	1070	34.715	32.000	3.579	0.10	96.26	9.98	28.220	1466.65	132.4300	10/7/2021	1:26:56 PM
2	1071	34.726	32.015	3.585	0.10	96.28	9.98	28.231	1466.71	133.1100	10/7/2021	1:26:58 PM
2	1072	34.728	32.036	3.606	0.09	96.22	9.97	28.236	1466.81	134.2300	10/7/2021	1:27:00 PM
2	1073	34.720	32.035	3.612	0.10	96.12	9.96	28.234	1466.85	135.3700	10/7/2021	1:27:02 PM
2	1074	34.719	32.040	3.618	0.10	96.23	9.96	28.238	1466.89	136.4800	10/7/2021	1:27:04 PM
2	1075	34.719	32.039	3.616	0.10	96.14	9.96	28.243	1466.90	137.5100	10/7/2021	1:27:06 PM
2	1076	34.720	32.019	3.592	0.10	96.12	9.96	28.252	1466.82	138.6400	10/7/2021	1:27:08 PM
2	1077	34.722	32.007	3.576	0.09	96.16	9.97	28.261	1466.77	139.8500	10/7/2021	1:27:10 PM
2	1078	34.710	31.962	3.536	0.10	96.30	9.99	28.261	1466.61	141.0600	10/7/2021	1:27:12 PM
2	1079	34.714	31.952	3.521	0.10	96.34	10.00	28.270	1466.57	142.2400	10/7/2021	1:27:14 PM
2	1080	34.714	31.951	3.519	0.09	96.38	10.00	28.277	1466.58	143.5700	10/7/2021	1:27:16 PM
2	1081	34.712	31.949	3.518	0.10	96.33	10.00	28.280	1466.59	144.6700	10/7/2021	1:27:18 PM
2	1082	34.711	31.946	3.515	0.09	96.34	10.00	28.286	1466.60	145.9100	10/7/2021	1:27:20 PM
2	1083	34.711	31.944	3.512	0.09	96.34	10.00	28.292	1466.61	147.2800	10/7/2021	1:27:22 PM
2	1084	34.738	31.943	3.485	0.09	96.05	9.98	28.322	1466.55	148.4300	10/7/2021	1:27:24 PM
2	1085	34.625	31.724	3.342	0.09	96.82	10.10	28.252	1465.82	149.6100	10/7/2021	1:27:26 PM
2	1086	34.733	31.915	3.457	0.09	96.52	10.03	28.332	1466.46	150.8200	10/7/2021	1:27:28 PM
2	1087	34.766	32.118	3.654	0.11	95.63	9.89	28.343	1467.36	151.9600	10/7/2021	1:27:30 PM
2	1088	34.766	32.200	3.746	0.09	94.97	9.80	28.338	1467.76	152.9600	10/7/2021	1:27:32 PM
2	1089	34.774	32.200	3.738	0.11	94.64	9.77	28.350	1467.75	153.9200	10/7/2021	1:27:34 PM
2	1090	34.775	32.170	3.702	0.09	94.46	9.76	28.360	1467.62	154.9400	10/7/2021	1:27:36 PM
2	1091	34.779	32.147	3.672	0.09	94.34	9.75	28.371	1467.51	155.9600	10/7/2021	1:27:38 PM
2	1092	34.770	32.104	3.632	0.09	94.41	9.77	28.372	1467.35	156.9700	10/7/2021	1:27:40 PM
2	1093	34.775	32.091	3.612	0.09	94.36	9.77	28.383	1467.29	158.0200	10/7/2021	1:27:42 PM
2	1094	34.763	32.041	3.566	0.09	94.57	9.80	28.384	1467.10	159.2700	10/7/2021	1:27:44 PM
2	1095	34.783	32.090	3.602	0.09	94.42	9.78	28.403	1467.30	160.6000	10/7/2021	1:27:46 PM
2	1096	34.789	32.141	3.653	0.09	94.03	9.72	28.408	1467.54	161.8600	10/7/2021	1:27:48 PM
2	1097	34.786	32.147	3.662	0.10	93.93	9.71	28.410	1467.60	163.0900	10/7/2021	1:27:50 PM
2	1098	34.788	32.142	3.654	0.10	93.83	9.70	28.419	1467.59	164.3600	10/7/2021	1:27:52 PM
2	1099	34.792	32.152	3.661	0.08	93.71	9.69	28.426	1467.64	165.4900	10/7/2021	1:27:54 PM
2	1100	34.796	32.155	3.660	0.09	93.61	9.68	28.434	1467.66	166.4800	10/7/2021	1:27:56 PM
2	1101	34.780	32.091	3.602	0.09	93.70	9.70	28.432	1467.41	167.4200	10/7/2021	1:27:58 PM
2	1102	34.783	32.064	3.569	0.10	93.78	9.72	28.442	1467.29	168.3600	10/7/2021	1:28:00 PM
2	1103	34.786	32.062	3.563	0.08	93.74	9.72	28.450	1467.28	169.4500	10/7/2021	1:28:02 PM
2	1104	34.796	32.050	3.540	0.09	93.74	9.72	28.465	1467.22	170.4800	10/7/2021	1:28:04 PM
2	1105	34.785	31.997	3.490	0.08	93.79	9.74	28.467	1467.01	171.5600	10/7/2021	1:28:06 PM
2	1106	34.773	31.975	3.476	0.08	93.78	9.74	28.463	1466.95	172.5700	10/7/2021	1:28:08 PM
2	1107	34.800	32.042	3.525	0.08	93.48	9.70	28.486	1467.21	173.7800	10/7/2021	1:28:10 PM
2	1108	34.796	32.060	3.549	0.08	93.28	9.67	28.485	1467.33	174.9700	10/7/2021	1:28:12 PM
2	1109	34.806	32.053	3.531	0.09	93.21	9.67	28.501	1467.29	176.2100	10/7/2021	1:28:14 PM
2	1110	34.805	32.025	3.500	0.08	93.20	9.67	28.509	1467.17	177.4400	10/7/2021	1:28:16 PM
2	1111	34.793	31.977	3.456	0.09	93.22	9.69	28.509	1466.99	178.5900	10/7/2021	1:28:18 PM
2	1112	34.791	31.933	3.408	0.08	93.27	9.70	28.518	1466.80	179.7100	10/7/2021	1:28:20 PM
2	1113	34.801	31.924	3.388	0.08	93.20	9.70	28.533	1466.75	180.8700	10/7/2021	1:28:22 PM
2	1114	34.787	31.877	3.347	0.10	93.25	9.72	28.532	1466.58	182.0300	10/7/2021	1:28:24 PM
2	1115	34.790	31.853	3.317	0.08	93.21	9.72	28.542	1466.47	183.1300	10/7/2021	1:28:26 PM
2	1116	34.788	31.828	3.290	0.09	93.23	9.73	28.548	1466.38	184.2600	10/7/2021	1:28:28 PM
2	1117	34.790	31.797	3.252	0.08	93.32	9.75	28.560	1466.24	185.4400	10/7/2021	1:28:30 PM
2	1118	34.791	31.760	3.209	0.08	93.31	9.76	28.570	1466.07	186.5800	10/7/2021	1:28:32 PM
2	1119	34.782	31.729	3.182	0.09	93.27	9.76	28.571	1465.97	187.7400	10/7/2021	1:28:34 PM
2	1120	34.782	31.722	3.173	0.09	93.26	9.76	28.578	1465.95	189.0000	10/7/2021	1:28:36 PM
2	1121	34.776	31.691	3.143	0.08	93.25	9.77	28.581	1465.83	190.1600	10/7/2021	1:28:38 PM
2	1122	34.779	31.672	3.118	0.09	93.36	9.78	28.591	1465.75	191.2300	10/7/2021	1:28:40 PM
2	1123	34.779	31.656	3.100	0.08	93.28	9.78	28.597	1465.69	192.2600	10/7/2021	1:28:42 PM
2	1124	34.778	31.645	3.088	0.08	93.31	9.79	28.603	1465.65	193.3700	10/7/2021	1:28:44 PM
2	1125	34.779	31.635	3.075	0.08	93.29	9.79	28.610	1465.62	194.5000	10/7/2021	1:28:46 PM
2	1126	34.775	31.614	3.054	0.08	93.22	9.78	28.615	1465.54	195.6400	10/7/2021	1:28:48 PM
2	1127	34.774	31.598	3.037	0.09	93.36	9.80	28.620	1465.48	196.6600	10/7/2021	1:28:50 PM
2	1128	34.773	31.582	3.019	0.08	93.25	9.80	28.626	1465.42	197.7400	10/7/2021	1:28:52 PM
2	1129	34.773	31.559	2.992	0.08	93.25	9.80	28.634	1465.33	198.8500	10/7/2021	1:28:54 PM
2	1130	34.784	31.513	2.929	0.08	93.22	9.81	28.654	1465.09	199.8400	10/7/2021	1:28:56 PM
2	1131	34.770	31.388	2.800	0.08	93.27	9.85	28.660	1464.54	200.9900	10/7/2021	1:28:58 PM
2	1132	34.746	31.232	2.644	0.08	93.34	9.90	28.661	1463.85	202.1500	10/7/2021	1:29:00 PM
2	1133	34.720	31.080	2.495	0.08	93.61	9.97	28.660	1463.20	203.4100	10/7/2021	1:29:02 PM
2	1134	34.724	31.038	2.442	0.09	93.76	9.99	28.674	1462.99	204.6200	10/7/2021	1:29:04 PM
2	1135	34.721	31.007	2.409	0.09	93.72	10.00	28.680	1462.87	205.8900	10/7/2021	1:29:06 PM
2	1136	34.727	31.004	2.400	0.09	93.63	9.99	28.690	1462.85	206.9000	10/7/2021	1:29:08 PM
2	1137	34.727	31.007	2.403	0.08	93.60	9.99	28.695	1462.88	207.9700	10/7/2021	1:29:10 PM
2	1138	34.727	31.003	2.397	0.08	93.52	9.98	28.701	1462.87	209.0900	10/7/2021	1:29:12 PM
2	1139	34.730	31.000	2.391	0.08	93.48	9.98	28.708	1462.87	210.1000	10/7/2021	1:29:14 PM
2	1140	34.727	30.974	2.363	0.08	93.44	9.98	28.713	1462.76	211.0800	10/7/2021	1:29:16 PM
2	1141	34.730	30.965	2.350	0.09	93.34	9.97	28.721	1462.72	212.0100	10/7/2021	1:29:18 PM
2	1142	34.723	30.947	2.335	0.08	93.29	9.97	28.721	1462.66	212.9400	10/7/2021	1:29:20 PM
2	1143	34.726	30.942	2.326	0.08	93.25	9.97	28.729	1462.64	213.8600	10/7/2021	1:29:22 PM
2	1144	34.722	30.932	2.318	0.08	93.26	9.97	28.731	1462.62	214.8400	10/7/2021	1:29:24 PM
2	1145	34.724	30.934	2.318	0.08	93.11	9.96	28.736	1462.64	215.6800	10/7/2021	1:29:26 PM
2	1146	34.726	30.944	2.327	0.08	93.01	9.94	28.742	1462.69	216.6600	10/7/2021	1:29:28 PM
2	1147	34.725	30.945	2.329	0.08	93.01	9.94	28.745	1462.72	217.6600	10/7/2021	1:29:30 PM
2	1148	34.728	30.954	2.336	0.08	92.87	9.93	28.751	1462.76	218.5000	10/7/2021	1:29:32 PM
2	1149	34.729	30.959	2.340	0.09	92.98	9.94	28.756	1462.80	219.4300	10/7/2021	1:29:34 PM
2	1150	34.730	30.959	2.339	0.09	92.92	9.93	28.760	1462.81	220.0800	10/7/2021	1:29:36 PM
2	1151	34.726	30.959	2.342	0.08	92.90	9.93	28.760	1462.83	220.8400	10/7/2021	1:29:38 PM
2	1152	34.726	30.962	2.345	0.09	92.92	9.93	28.765	1462.86	221.9200	10/7/2021	1:29:40 PM
2	1153	34.729	30.964	2.344	2.35	55.61	5.94	28.770	1462.86	222.4100	10/7/2021	1:29:42 PM
2	1154	34.733	30.967	2.344	2.49	51.53	5.51	28.773	1462.87	222.4200	10/7/2021	1:29:44 PM
2	1155	34.727	30.963	2.345	1.32	63.26	6.76	28.768	1462.87	222.3900	10/7/2021	1:29:46 PM
2	1156	34.728	30.965	2.346	0.87	77.55	8.29	28.769	1462.87	222.4000	10/7/2021	1:29:48 PM
2	1157	34.732	30.968	2.346	2.49	84.17	8.99	28.772	1462.88	222.3900	10/7/2021	1:29:50 PM
2	1158	34.732	30.967	2.345	0.79	88.31	9.44	28.771	1462.87	222.1700	10/7/2021	1:29:52 PM
2	1159	34.723	30.954	2.339	0.19	90.70	9.69	28.756	1462.80	220.3000	10/7/2021	1:29:54 PM
2	1160	34.724	30.954	2.339	0.10	91.74	9.80	28.749	1462.78	218.7600	10/7/2021	1:29:56 PM
2	1161	34.726	30.953	2.337	0.11	92.23	9.86	28.744	1462.75	217.2700	10/7/2021	1:29:58 PM
2	1162	34.712	30.924	2.318	0.09	92.46	9.89	28.727	1462.62	215.8300	10/7/2021	1:30:00 PM
2	1163	34.722	30.929	2.315	0.10	92.70	9.91	28.730	1462.60	214.5800	10/7/2021	1:30:02 PM
2	1164	34.716	30.925	2.316	0.09	92.74	9.92	28.720	1462.58	213.4900	10/7/2021	1:30:04 PM
2	1165	34.718	30.932	2.323	0.09	92.84	9.93	28.715	1462.59	212.1900	10/7/2021	1:30:06 PM
2	1166	34.719	30.941	2.333	0.09	92.96	9.94	28.709	1462.62	211.0100	10/7/2021	1:30:08 PM
2	1167	34.723	30.946	2.335	0.09	93.04	9.94	28.711	1462.63	210.8000	10/7/2021	1:30:10 PM
2	1168	34.729	30.953	2.338	0.08	93.07	9.95	28.715	1462.65	210.7900	10/7/2021	1:30:12 PM
2	1169	34.730	30.956	2.340	0.08	93.18	9.96	28.716	1462.66	210.7500	10/7/2021	1:30:14 PM
2	1170	34.731	30.962	2.346	0.08	93.19	9.96	28.716	1462.68	210.6300	10/7/2021	1:30:16 PM
2	1171	34.728	30.964	2.351	0.10	93.19	9.96	28.713	1462.70	210.6800	10/7/2021	1:30:18 PM
2	1172	34.725	30.956	2.345	0.08	93.19	9.96	28.711	1462.67	210.7300	10/7/2021	1:30:20 PM
2	1173	34.706	30.953	2.359	0.09	93.17	9.95	28.692	1462.70	209.9700	10/7/2021	1:30:22 PM
2	1174	34.725	30.996	2.392	0.09	93.19	9.95	28.694	1462.83	207.9600	10/7/2021	1:30:24 PM
2	1175	34.713	30.980	2.386	0.09	93.33	9.96	28.677	1462.76	206.1500	10/7/2021	1:30:26 PM
2	1176	34.725	31.004	2.403	0.08	93.44	9.97	28.676	1462.82	204.2800	10/7/2021	1:30:28 PM
2	1177	34.721	31.040	2.449	0.09	93.59	9.97	28.660	1462.98	202.5500	10/7/2021	1:30:30 PM
2	1178	34.777	31.296	2.689	0.09	93.79	9.93	28.675	1464.06	200.6500	10/7/2021	1:30:32 PM
2	1179	34.782	31.524	2.944	0.08	93.95	9.89	28.645	1465.13	198.5100	10/7/2021	1:30:34 PM
2	1180	34.775	31.584	3.020	0.08	93.75	9.85	28.623	1465.41	196.7000	10/7/2021	1:30:36 PM
2	1181	34.774	31.620	3.062	0.08	93.53	9.81	28.610	1465.56	194.8400	10/7/2021	1:30:38 PM
2	1182	34.772	31.632	3.079	0.08	93.31	9.79	28.598	1465.61	193.2700	10/7/2021	1:30:40 PM
2	1183	34.779	31.654	3.098	0.09	93.32	9.78	28.595	1465.67	191.7000	10/7/2021	1:30:42 PM
2	1184	34.767	31.670	3.128	0.08	93.29	9.77	28.575	1465.76	190.1100	10/7/2021	1:30:44 PM
2	1185	34.786	31.720	3.168	0.08	93.25	9.76	28.578	1465.92	188.3800	10/7/2021	1:30:46 PM
2	1186	34.775	31.723	3.182	0.08	93.16	9.75	28.561	1465.94	186.7700	10/7/2021	1:30:48 PM
2	1187	34.787	31.765	3.219	0.09	93.37	9.76	28.559	1466.09	185.1700	10/7/2021	1:30:50 PM
2	1188	34.787	31.818	3.280	0.08	93.42	9.75	28.545	1466.32	183.5300	10/7/2021	1:30:52 PM
2	1189	34.794	31.862	3.324	0.08	93.29	9.73	28.539	1466.49	182.0200	10/7/2021	1:30:54 PM
2	1190	34.798	31.908	3.373	0.08	93.31	9.72	28.530	1466.68	180.5100	10/7/2021	1:30:56 PM
2	1191	34.790	31.917	3.391	0.08	93.19	9.70	28.515	1466.72	178.8000	10/7/2021	1:30:58 PM
2	1192	34.793	31.982	3.463	0.08	93.25	9.69	28.501	1466.99	176.9400	10/7/2021	1:31:00 PM
2	1193	34.796	32.047	3.534	0.08	93.39	9.69	28.487	1467.27	175.1000	10/7/2021	1:31:02 PM
2	1194	34.803	32.050	3.532	0.09	93.31	9.68	28.485	1467.24	173.3000	10/7/2021	1:31:04 PM
2	1195	34.785	31.970	3.459	0.08	93.14	9.68	28.470	1466.88	171.4700	10/7/2021	1:31:06 PM
2	1196	34.784	32.021	3.519	0.08	93.45	9.70	28.454	1467.10	169.5600	10/7/2021	1:31:08 PM
2	1197	34.775	32.044	3.554	0.09	93.62	9.71	28.433	1467.20	167.4900	10/7/2021	1:31:10 PM
2	1198	34.802	32.145	3.644	0.09	93.77	9.70	28.436	1467.58	165.4300	10/7/2021	1:31:12 PM
2	1199	34.794	32.146	3.653	0.08	93.70	9.69	28.421	1467.58	163.7000	10/7/2021	1:31:14 PM
2	1200	34.790	32.149	3.661	0.09	93.66	9.68	28.408	1467.58	161.8200	10/7/2021	1:31:16 PM
2	1201	34.812	32.113	3.601	0.09	93.74	9.71	28.423	1467.32	159.9900	10/7/2021	1:31:18 PM
2	1202	34.761	32.068	3.599	0.09	93.88	9.72	28.375	1467.22	158.3800	10/7/2021	1:31:20 PM
2	1203	34.759	32.105	3.643	0.09	94.20	9.75	28.361	1467.38	156.6100	10/7/2021	1:31:22 PM
2	1204	34.764	32.166	3.708	0.09	94.36	9.75	28.350	1467.63	154.7400	10/7/2021	1:31:24 PM
2	1205	34.799	32.222	3.739	0.10	94.31	9.73	28.366	1467.77	152.9500	10/7/2021	1:31:26 PM
2	1206	34.705	31.949	3.521	0.09	94.33	9.79	28.305	1466.70	151.1800	10/7/2021	1:31:28 PM
2	1207	34.783	31.913	3.408	0.09	94.72	9.85	28.371	1466.30	149.4700	10/7/2021	1:31:30 PM
2	1208	34.726	31.943	3.496	0.09	95.59	9.93	28.309	1466.57	147.7700	10/7/2021	1:31:32 PM
2	1209	34.721	31.967	3.529	0.12	96.15	9.98	28.294	1466.68	146.2400	10/7/2021	1:31:34 PM
2	1210	34.710	31.968	3.541	0.09	96.17	9.98	28.276	1466.69	144.5900	10/7/2021	1:31:36 PM
2	1211	34.708	31.956	3.530	0.10	96.13	9.98	28.269	1466.61	142.9600	10/7/2021	1:31:38 PM
2	1212	34.718	31.999	3.570	0.10	96.20	9.97	28.265	1466.77	141.3500	10/7/2021	1:31:40 PM
2	1213	34.714	32.008	3.585	0.09	96.21	9.97	28.253	1466.80	139.8900	10/7/2021	1:31:42 PM
2	1214	34.718	32.008	3.582	0.11	96.12	9.96	28.250	1466.77	138.4100	10/7/2021	1:31:44 PM
2	1215	34.720	32.006	3.579	0.11	96.05	9.96	28.245	1466.73	136.9800	10/7/2021	1:31:46 PM
2	1216	34.714	32.000	3.578	0.09	96.01	9.95	28.233	1466.70	135.4700	10/7/2021	1:31:48 PM
2	1217	34.716	32.007	3.585	0.09	96.09	9.96	28.228	1466.71	134.0600	10/7/2021	1:31:50 PM
2	1218	34.716	32.002	3.580	0.10	96.01	9.95	28.221	1466.66	132.5600	10/7/2021	1:31:52 PM
2	1219	34.714	31.994	3.574	0.10	96.04	9.96	28.213	1466.61	131.0900	10/7/2021	1:31:54 PM
2	1220	34.709	31.986	3.570	0.09	96.09	9.96	28.202	1466.56	129.4100	10/7/2021	1:31:56 PM
2	1221	34.715	31.986	3.565	0.10	96.06	9.96	28.201	1466.52	128.0400	10/7/2021	1:31:58 PM
2	1222	34.689	31.930	3.527	0.09	96.05	9.97	28.178	1466.31	126.6400	10/7/2021	1:32:00 PM
2	1223	34.682	31.904	3.505	0.10	96.21	9.99	28.168	1466.18	125.2100	10/7/2021	1:32:02 PM
2	1224	34.664	31.876	3.491	0.11	96.49	10.03	28.147	1466.07	123.5000	10/7/2021	1:32:04 PM
2	1225	34.650	31.857	3.484	0.12	96.69	10.05	28.129	1466.00	121.9200	10/7/2021	1:32:06 PM
2	1226	34.620	31.824	3.475	0.11	97.12	10.10	28.099	1465.90	120.3100	10/7/2021	1:32:08 PM
2	1227	34.626	31.827	3.474	0.11	97.41	10.13	28.096	1465.87	118.8000	10/7/2021	1:32:10 PM
2	1228	34.617	31.805	3.458	0.13	97.64	10.16	28.083	1465.77	117.1400	10/7/2021	1:32:12 PM
2	1229	34.619	31.846	3.504	0.11	97.77	10.16	28.071	1465.93	115.3800	10/7/2021	1:32:14 PM
2	1230	34.565	31.895	3.611	0.13	97.93	10.15	28.010	1466.29	113.7000	10/7/2021	1:32:16 PM
2	1231	34.617	32.015	3.698	0.12	98.12	10.15	28.035	1466.70	112.1000	10/7/2021	1:32:18 PM
2	1232	34.647	32.039	3.698	0.12	97.90	10.12	28.052	1466.71	110.6400	10/7/2021	1:32:20 PM
2	1233	34.591	31.824	3.508	0.11	97.61	10.14	28.020	1465.81	109.1400	10/7/2021	1:32:22 PM
2	1234	34.597	31.685	3.346	0.11	97.75	10.20	28.033	1465.11	107.4400	10/7/2021	1:32:24 PM
2	1235	34.542	31.512	3.202	0.12	98.34	10.30	27.996	1464.40	105.8200	10/7/2021	1:32:26 PM
2	1236	34.517	31.493	3.205	0.10	99.01	10.37	27.968	1464.35	104.2500	10/7/2021	1:32:28 PM
2	1237	34.512	31.574	3.302	0.11	99.43	10.39	27.948	1464.74	102.7600	10/7/2021	1:32:30 PM
2	1238	34.535	31.747	3.478	0.11	99.67	10.37	27.942	1465.49	101.2900	10/7/2021	1:32:32 PM
2	1239	34.512	31.780	3.538	0.12	99.58	10.35	27.910	1465.69	99.8300	10/7/2021	1:32:34 PM
2	1240	34.502	31.918	3.704	0.13	99.43	10.29	27.879	1466.35	98.3000	10/7/2021	1:32:36 PM
2	1241	34.522	32.069	3.857	0.13	99.54	10.26	27.873	1466.99	97.0700	10/7/2021	1:32:38 PM
2	1242	34.608	32.499	4.260	0.14	99.42	10.14	27.892	1468.76	95.6500	10/7/2021	1:32:40 PM
2	1243	34.550	32.551	4.375	0.16	99.50	10.13	27.826	1469.14	94.2900	10/7/2021	1:32:42 PM
2	1244	34.513	32.495	4.348	0.14	98.97	10.08	27.794	1468.96	93.0700	10/7/2021	1:32:44 PM
2	1245	34.491	32.416	4.280	0.15	98.79	10.08	27.778	1468.62	91.6100	10/7/2021	1:32:46 PM
2	1246	34.490	32.426	4.293	0.14	98.84	10.09	27.769	1468.65	90.1700	10/7/2021	1:32:48 PM
2	1247	34.462	32.413	4.306	0.14	98.80	10.08	27.738	1468.65	88.6300	10/7/2021	1:32:50 PM
2	1248	34.453	32.414	4.317	0.15	98.96	10.09	27.723	1468.66	87.2100	10/7/2021	1:32:52 PM
2	1249	34.434	32.400	4.320	0.16	99.03	10.10	27.701	1468.62	85.7200	10/7/2021	1:32:54 PM
2	1250	34.435	32.409	4.330	0.15	99.16	10.11	27.695	1468.64	84.5300	10/7/2021	1:32:56 PM
2	1251	34.436	32.417	4.338	0.17	99.19	10.11	27.689	1468.66	83.1200	10/7/2021	1:32:58 PM
2	1252	34.410	32.378	4.320	0.17	99.11	10.11	27.663	1468.52	81.6400	10/7/2021	1:33:00 PM
2	1253	34.402	32.351	4.298	0.15	99.12	10.12	27.653	1468.40	80.2900	10/7/2021	1:33:02 PM
2	1254	34.395	32.345	4.298	0.17	99.20	10.13	27.643	1468.37	79.3100	10/7/2021	1:33:04 PM
2	1255	34.397	32.351	4.304	0.16	99.22	10.13	27.638	1468.38	78.1000	10/7/2021	1:33:06 PM
2	1256	34.386	32.312	4.271	0.16	99.20	10.13	27.628	1468.21	77.1000	10/7/2021	1:33:08 PM
2	1257	34.355	32.262	4.245	0.19	99.24	10.15	27.601	1468.05	76.0900	10/7/2021	1:33:10 PM
2	1258	34.404	32.194	4.122	0.15	99.04	10.15	27.647	1467.58	74.7400	10/7/2021	1:33:12 PM
2	1259	34.304	31.907	3.893	0.15	98.99	10.21	27.585	1466.47	73.3700	10/7/2021	1:33:14 PM
2	1260	34.274	32.092	4.132	0.13	99.51	10.21	27.530	1467.41	71.9700	10/7/2021	1:33:16 PM
2	1261	34.311	32.288	4.319	0.16	100.25	10.23	27.533	1468.21	70.5800	10/7/2021	1:33:18 PM
2	1262	34.328	32.241	4.250	0.16	99.61	10.19	27.547	1467.92	69.1500	10/7/2021	1:33:20 PM
2	1263	34.283	32.105	4.140	0.14	99.36	10.19	27.517	1467.39	67.8900	10/7/2021	1:33:22 PM
2	1264	34.261	31.946	3.981	0.14	99.28	10.22	27.511	1466.68	66.7100	10/7/2021	1:33:24 PM
2	1265	34.185	31.722	3.800	0.12	99.45	10.29	27.464	1465.80	65.5200	10/7/2021	1:33:26 PM
2	1266	34.146	31.620	3.721	0.13	100.00	10.37	27.435	1465.40	64.1800	10/7/2021	1:33:28 PM
2	1267	34.087	31.538	3.685	0.12	100.61	10.45	27.384	1465.15	62.6900	10/7/2021	1:33:30 PM
2	1268	34.075	31.538	3.697	0.15	101.05	10.49	27.367	1465.16	61.2400	10/7/2021	1:33:32 PM
2	1269	34.043	31.550	3.742	0.13	101.19	10.49	27.331	1465.29	59.9300	10/7/2021	1:33:34 PM
2	1270	34.056	31.649	3.843	0.12	101.19	10.47	27.324	1465.70	58.3900	10/7/2021	1:33:36 PM
2	1271	34.030	31.635	3.853	0.14	101.01	10.45	27.295	1465.68	56.8500	10/7/2021	1:33:38 PM
2	1272	34.031	31.677	3.901	0.13	100.95	10.43	27.284	1465.86	55.4900	10/7/2021	1:33:40 PM
2	1273	33.984	31.668	3.937	0.14	100.88	10.42	27.236	1465.93	54.0700	10/7/2021	1:33:42 PM
2	1274	33.972	31.672	3.953	0.13	100.82	10.41	27.220	1465.96	52.8400	10/7/2021	1:33:44 PM
2	1275	33.953	31.672	3.972	0.13	100.77	10.40	27.196	1465.99	51.4500	10/7/2021	1:33:46 PM
2	1276	33.942	31.679	3.992	0.15	100.68	10.39	27.179	1466.04	50.2100	10/7/2021	1:33:48 PM
2	1277	33.930	31.687	4.013	0.15	100.32	10.34	27.161	1466.09	48.7900	10/7/2021	1:33:50 PM
2	1278	33.914	31.679	4.020	0.15	99.81	10.29	27.141	1466.08	47.2200	10/7/2021	1:33:52 PM
2	1279	33.900	31.665	4.018	0.13	99.70	10.28	27.123	1466.03	45.8000	10/7/2021	1:33:54 PM
2	1280	33.892	31.660	4.021	0.14	99.57	10.27	27.110	1466.01	44.3800	10/7/2021	1:33:56 PM
2	1281	33.875	31.651	4.028	0.13	99.68	10.28	27.089	1465.99	42.9300	10/7/2021	1:33:58 PM
2	1282	33.823	31.649	4.077	0.15	100.03	10.31	27.035	1466.10	41.3700	10/7/2021	1:34:00 PM
2	1283	33.770	31.614	4.089	0.15	100.34	10.34	26.985	1466.06	39.8800	10/7/2021	1:34:02 PM
2	1284	33.729	31.580	4.090	0.18	100.32	10.34	26.946	1465.99	38.5700	10/7/2021	1:34:04 PM
2	1285	33.698	31.550	4.087	0.15	100.35	10.34	26.915	1465.91	37.1900	10/7/2021	1:34:06 PM
2	1286	33.666	31.528	4.093	0.19	100.06	10.32	26.882	1465.87	35.6600	10/7/2021	1:34:08 PM
2	1287	33.659	31.526	4.099	0.17	100.03	10.31	26.868	1465.86	34.1600	10/7/2021	1:34:10 PM
2	1288	33.648	31.531	4.116	0.16	100.06	10.31	26.851	1465.90	32.7200	10/7/2021	1:34:12 PM
2	1289	33.650	31.544	4.130	0.15	100.02	10.30	26.844	1465.93	31.1900	10/7/2021	1:34:14 PM
2	1290	33.501	31.320	4.017	0.24	99.98	10.34	26.731	1465.25	29.7300	10/7/2021	1:34:16 PM
2	1291	33.229	30.966	3.873	0.32	99.75	10.37	26.522	1464.27	28.3200	10/7/2021	1:34:18 PM
2	1292	33.198	30.914	3.843	0.35	99.57	10.36	26.494	1464.08	26.8300	10/7/2021	1:34:20 PM
2	1293	33.189	30.901	3.838	0.38	99.57	10.36	26.480	1464.02	25.2500	10/7/2021	1:34:22 PM
2	1294	33.180	30.889	3.834	0.34	99.46	10.35	26.466	1463.97	23.7900	10/7/2021	1:34:24 PM
2	1295	33.177	30.884	3.831	0.36	99.50	10.36	26.458	1463.93	22.3700	10/7/2021	1:34:26 PM
2	1296	33.163	30.870	3.829	0.36	99.53	10.36	26.441	1463.88	21.0500	10/7/2021	1:34:28 PM
2	1297	33.160	30.862	3.824	0.35	99.46	10.36	26.431	1463.83	19.5100	10/7/2021	1:34:30 PM
2	1298	33.163	30.865	3.825	0.37	99.55	10.37	26.427	1463.82	18.1400	10/7/2021	1:34:32 PM
2	1299	33.152	30.853	3.823	0.33	99.52	10.36	26.411	1463.77	16.6300	10/7/2021	1:34:34 PM
2	1300	33.148	30.847	3.820	0.34	99.46	10.36	26.403	1463.73	15.4500	10/7/2021	1:34:36 PM
2	1301	33.143	30.843	3.821	0.37	99.38	10.35	26.396	1463.72	14.7300	10/7/2021	1:34:38 PM
2	1302	33.153	30.851	3.821	0.35	99.46	10.36	26.400	1463.72	13.9900	10/7/2021	1:34:40 PM
2	1303	33.151	30.851	3.823	0.34	99.42	10.35	26.394	1463.71	13.0400	10/7/2021	1:34:42 PM
2	1304	33.154	30.853	3.823	0.37	99.47	10.36	26.393	1463.70	12.3600	10/7/2021	1:34:44 PM
2	1305	33.137	30.835	3.819	0.34	99.45	10.36	26.375	1463.65	11.3300	10/7/2021	1:34:46 PM
2	1306	33.132	30.828	3.816	0.34	99.45	10.36	26.368	1463.61	10.4400	10/7/2021	1:34:48 PM
2	1307	33.135	30.829	3.815	0.34	99.45	10.36	26.366	1463.60	9.7000	10/7/2021	1:34:50 PM
2	1308	33.135	30.829	3.815	0.35	99.40	10.35	26.362	1463.59	8.7500	10/7/2021	1:34:52 PM
2	1309	33.134	30.823	3.810	0.36	99.42	10.36	26.358	1463.55	8.0100	10/7/2021	1:34:54 PM
2	1310	33.135	30.823	3.809	0.33	99.43	10.36	26.356	1463.54	7.3600	10/7/2021	1:34:56 PM
2	1311	33.126	30.813	3.806	0.35	99.42	10.36	26.348	1463.51	7.1300	10/7/2021	1:34:58 PM
2	1312	33.123	30.809	3.805	0.34	99.35	10.35	26.344	1463.50	6.7600	10/7/2021	1:35:00 PM
2	1313	33.123	30.810	3.806	0.35	99.45	10.36	26.341	1463.49	6.1300	10/7/2021	1:35:02 PM
2	1314	33.121	30.807	3.805	0.35	99.44	10.36	26.337	1463.47	5.4500	10/7/2021	1:35:04 PM
2	1315	33.122	30.807	3.805	0.37	99.43	10.36	26.334	1463.46	4.8000	10/7/2021	1:35:06 PM
2	1316	33.119	30.805	3.806	0.34	99.34	10.35	26.327	1463.45	3.8800	10/7/2021	1:35:08 PM
2	1317	33.121	30.806	3.805	0.33	99.39	10.36	26.325	1463.43	2.9800	10/7/2021	1:35:10 PM
2	1318	33.121	30.805	3.805	0.34	99.40	10.36	26.320	1463.41	1.9000	10/7/2021	1:35:12 PM
2	1319	33.121	30.805	3.805	0.36	99.46	10.36	26.317	1463.40	1.3200	10/7/2021	1:35:14 PM
2	1320	33.122	30.806	3.805	0.33	99.42	10.36	26.316	1463.40	0.8000	10/7/2021	1:35:16 PM
2	1321	0.565	0.679	3.700	1.72	99.42	12.94	0.430	1421.00	0.0200	10/7/2021	1:35:18 PM
2	1322	0.000	0.000	2.624	0.09	99.35	13.36	-0.040	1415.21	0.0200	10/7/2021	1:35:20 PM
2	1323	0.000	0.000	1.307	0.08	98.30	13.71	-0.084	1408.87	0.0200	10/7/2021	1:35:22 PM
2	1324	0.000	0.000	0.647	0.08	97.77	13.88	-0.117	1405.62	0.0200	10/7/2021	1:35:24 PM
2	1325	0.000	0.000	0.168	0.09	98.39	14.16	-0.146	1403.23	0.0100	10/7/2021	1:35:26 PM
2	1326	0.000	0.000	-0.250	0.09	98.06	14.28	-0.175	1401.13	0.0200	10/7/2021	1:35:28 PM
2	1327	0.000	0.000	-0.341	0.08	99.58	14.54	-0.181	1400.66	0.0300	10/7/2021	1:35:30 PM
2	1328	0.000	0.000	-0.200	0.08	99.58	14.48	-0.171	1401.38	0.0200	10/7/2021	1:35:32 PM
2	1329	0.000	0.000	-0.105	0.08	99.31	14.41	-0.165	1401.86	0.0200	10/7/2021	1:35:34 PM
2	1330	0.000	0.000	-0.083	0.09	99.38	14.41	-0.163	1401.97	0.0200	10/7/2021	1:35:36 PM
2	1331	0.000	0.000	-0.079	0.08	99.46	14.42	-0.163	1401.99	0.0200	10/7/2021	1:35:38 PM
2	1332	0.000	0.000	-0.105	0.08	100.06	14.51	-0.165	1401.86	0.0200	10/7/2021	1:35:40 PM
2	1333	0.000	0.000	-0.043	2.49	99.84	14.46	-0.160	1402.17	0.0400	10/7/2021	1:35:42 PM
2	1334	0.000	0.000	0.064	2.49	99.96	14.43	-0.153	1402.71	0.0400	10/7/2021	1:35:44 PM
2	1335	0.000	0.000	0.173	2.49	99.88	14.37	-0.146	1403.26	0.0400	10/7/2021	1:35:46 PM
2	1336	0.000	0.000	0.282	0.54	99.95	14.34	-0.139	1403.80	0.0400	10/7/2021	1:35:48 PM
2	1337	0.000	0.000	0.383	1.82	100.18	14.33	-0.133	1404.31	0.0400	10/7/2021	1:35:50 PM
2	1338	0.000	0.000	0.484	0.08	99.94	14.26	-0.126	1404.81	0.0400	10/7/2021	1:35:52 PM
2	1339	0.000	0.000	0.573	0.08	100.11	14.25	-0.121	1405.26	0.0400	10/7/2021	1:35:54 PM
2	1340	0.000	0.000	0.652	0.09	101.16	14.36	-0.117	1405.65	0.0300	10/7/2021	1:35:56 PM
2	1341	0.000	0.000	0.711	0.08	100.41	14.23	-0.114	1405.94	0.0100	10/7/2021	1:35:58 PM
2	1342	0.000	0.000	0.744	2.49	99.92	14.15	-0.112	1406.10	0.0100	10/7/2021	1:36:00 PM
